Sample	Ecoli_screen_result	Human_screen_result	Mouse_screen_result	Rat_screen_result	Unmapped_screen_result	Yeast_screen_result
expt11_G1F1	1.74463685707	8.35338091735	86.366980138	19.2257987554	7.38	0.271387955544
expt09_A1-2	52.2427231581	6.21366530984	18.0111121015	4.98955145537	24.6	0.219865109784
expt11_G1D11	1.10244284466	7.63175597659	87.0006124682	19.5056075986	8.3	0.325311003343
expt08_E4-1	20.6812007806	3.82770896467	59.8036619691	13.7260093952	17.99	0.107878038973
expt04_F40G6	22.6973034861	3.74866753524	52.0470606814	13.1825180623	23.79	0.312882466738
expt01_F38C2	5.71909421641	7.21361698697	85.4387326286	19.0579366919	5.39	0.482721784962
expt11_G1H3	2.9934630102	11.8761957908	79.7383211097	18.3065609056	9.72	0.368702168367
expt01_F38F2	5.80082754188	6.9858996505	85.8012292612	18.9983127787	5.32	0.566424295987
expt11_G1F3	4.86278913543	18.7834003429	66.8678624783	15.9850406569	13.19	0.262690877007
expt03_F41D4	9.80927238751	15.4955061846	68.8873728235	15.5726277697	8.84	0.233342231978
expt11_G1E9	1.24982403925	8.45717618195	87.1407887063	19.5658294287	7.15	0.284553663
expt02_F37A2	4.96341204214	8.37930022368	73.7912816412	17.2950214062	16.8	0.507069623392
expt07_D2	61.8303279924	2.46923501934	15.9807122407	4.15189110453	20.65	0.0753428097845
expt08_A5-1	40.5318988487	6.09823538284	31.6555225982	7.40334824795	23.5	0.177969936152
expt05_F42G3	7.37881382238	4.09644827621	85.1071925661	18.9441957804	6.92	0.297395536063
expt01_F38C3	2.3694676327	6.19093558041	90.2957158608	20.0494172311	5.26	0.582768939991
expt08_F2-1	67.5430625391	3.40764524141	3.64592799015	1.2045394883	25.86	0.0605803598473
expt01_F38E7	47.0200573066	19.6808615749	14.432368343	4.93133089616	20.61	0.164015413497
expt01_F38C9	44.9037361423	28.4649070896	2.15212845702	2.08900461593	26.04	0.113425651951
expt10_D3	20.1144497837	67.2292784081	3.10649412797	3.73556915838	12.44	0.105676629514
expt06_F43B2	12.4759692406	4.39462512015	76.2485982057	17.8438401153	9.97	0.264338353092
expt02_F37B3	3.13346385206	5.53960702367	91.2721518345	20.8620322374	5.11	0.476765299601
expt01_F38F8	26.8135337314	14.5857231095	47.0053040776	12.211143465	14.58	0.346088610449
expt01_F38A9	14.6658207268	26.3130241688	10.5388901005	3.77897178659	50.07	0.0872375438666
expt02_F37D5	5.12265441271	3.50595806233	88.6083422712	18.7194347959	5.97	0.321764885316
expt01_F38G1	9.60965138928	9.59872003816	77.7576817586	18.2513813253	6.8	0.422347656716
expt02_F37A4	12.011025984	27.5953626008	25.9972029673	7.60873971381	37.07	0.240179982975
expt10_C1	13.1849025861	59.0762322037	21.9198632927	8.12097006547	9.18	0.169890614289
expt11_G1E1	2.20629908509	9.05088656789	73.5142903409	16.8326451299	18.54	0.366367095782
expt04_F40E1	21.2931794502	4.79983169031	62.4048248778	15.6307605995	14.3	0.286527210067
expt02_F37A6	2.68636938583	17.2194671432	49.1647760355	11.5827092577	33.8	0.364406609513
expt08_G2-1	51.8775588215	4.40896882639	14.8927181097	4.147428353	30.03	0.163965758316
expt11_G1F12	0.566082945628	1.72820031549	1.33483756315	0.224636089535	96.5	0.00199676524031
expt07_C3	10.1681552817	43.2353674966	43.8071952497	12.6919814381	7.04	0.231525372985
expt07_D4	16.2715300919	4.46661581082	51.0197936323	11.8390412334	30.75	0.164612357972
expt10_C3	17.5938880892	70.4117889821	3.57333387017	4.47119691586	11.65	0.147966219413
expt11_G1D8	21.2757267239	52.6488812735	2.81923053934	3.47671893367	25.89	0.126516706182
expt11_G1D2	11.3600319186	28.6579222981	48.528252955	12.4193307067	14.83	0.248366665004
expt11_G1B11	5.14360391457	19.8741034108	65.3465148991	15.5056314283	13.61	0.303269121417
expt11_G1G8	17.4984429309	57.0540252747	2.91824884978	3.99111968336	25.29	0.0964378277379
expt11_G1D6	7.19934250749	28.9286680765	52.4159842843	12.7178695639	14.96	0.220500536217
expt11_G1H9	12.4073499845	34.5433266982	31.028377662	8.99642903584	24.98	0.181048883198
expt11_G1F2	0.463482021302	71.3772323216	23.6836309762	8.20152959077	8.25	0.145150956995
expt10_E2	12.8131725139	50.7992592963	29.2257644763	9.08362944798	10.5	0.223212051449
expt02_F37D2	2.48123940934	3.97603485839	92.0983619785	20.2684983458	5.24	0.398410392964
expt05_F42C2	15.1464990881	5.48826421378	73.6410673222	17.4659027833	8.7	0.26663230513
expt10_E6	11.8468209809	58.3519790904	23.6748311981	8.40049105994	9.54	0.179197275409
expt11_G1G4	14.3412218274	43.6236070986	20.4815638747	6.8208127397	24.32	0.188236715219
expt01_F38F1	10.9197368156	9.13499265579	76.5649208234	17.5737942413	7.27	0.519125133302
expt02_F37H3	10.4112126948	5.24487494462	78.698296347	18.1199403923	9.36	0.502436666801
expt10_G4	13.3542060967	75.5919542544	3.66045181815	4.51012765272	10.74	0.15000201345
expt04_F40F2	10.3796026066	4.65358013833	80.1253348259	18.624315356	8.34	0.393795226482
expt08_C6-1	3.5343035343	7.0576649524	83.6445204866	20.1175780123	10.14	0.339205602363
expt11_G1E7	4.76932294787	18.1346115438	71.3421210306	16.6866387058	9.74	0.298581985221
expt11_G1B7	19.4421216103	57.1576474336	2.91582049138	3.54199020428	23.25	0.0915860311393
expt03_F41A3	0.423450172369	85.5289639918	5.20096447004	5.37333359903	13.2	0.181336309109
expt08_A4-1	58.0916418416	5.28350387072	0.678496348474	0.628680170172	36.33	0.0757205910191
expt01_F38H4	50.9858194436	24.3275768698	1.31877168702	1.65072106224	24.53	0.0902581382755
expt09_B1-2	14.6098318986	4.76403244864	74.142364938	18.4355544964	9.97	0.284968176899
expt03_F41E4	5.97188415876	37.8818737271	50.0193731062	13.0058119318	9.83	0.242412200089
expt09_A3-2	0.040052067688	35.3940122159	44.9183939121	11.9955942726	23.09	0.19124862321
expt10_A2	14.2498625206	56.0775883617	21.1198320252	7.56286557016	11.77	0.176973453982
expt11_G1H4	19.0613518745	56.9973926441	2.9342630269	3.33030458658	23.72	0.131355430016
expt10_A6	8.73940045384	38.2688403201	47.3277200525	12.8209721725	9.22	0.225924598909
expt10_C2	12.6088429275	44.7526251818	36.7276386315	10.5047123757	9.36	0.22715045729
expt10_E5	10.9771280548	52.3484407317	30.8881704452	9.82650254021	9.39	0.203819353802
expt02_F37C1	29.0832683904	3.71309348828	46.5073837685	10.2475066834	22.97	0.300875003699
expt06_F43D3	1.44109723243	0.786676463385	9.54200342885	2.7097722263	88.27	0.0244917952486
expt09_F3-2	0.0560263323762	62.6994687503	3.91684091523	4.18996928556	36.68	0.147069122488
expt10_B4	15.4486753968	72.3704061312	3.52825216744	4.357009233	11.79	0.136785146742
expt01_F38C6	27.6131107983	23.5622360748	36.8007239091	9.96782626181	14.74	0.258395334808
expt04_F40D3	26.6972165648	3.4733037818	56.8098318757	12.4945090052	15.1	0.166726568428
expt01_F38E8	21.8608870767	14.1744843331	55.0420209955	14.0339158783	12.01	0.403760455402
expt11_G1C6	18.2817371274	59.558370897	3.14740165611	3.70738100439	22.03	0.132051867591
expt01_F38G2	3.85020782372	5.7613905296	90.0453433566	20.2304953961	4.38	0.54988763598
expt03_F41C3	20.585015327	12.0536247462	57.7073131892	13.6918269039	12.2	0.219953023608
expt02_F37C6	8.51267289056	4.19472184706	82.2520382109	17.4817867248	8.56	0.49390261936
expt04_F40B3	18.5522219219	4.13851097696	70.4738164599	17.559139462	9.85	0.312340451092
expt01_F38E4	17.3457724808	12.1193767401	64.592389977	16.0504078542	9.42	0.408342695257
expt01_F38H8	44.1038930093	24.5653749541	10.0656281337	3.87315203686	23.05	0.133043417826
expt01_F38B5	37.1096789641	20.1031544923	24.3560326423	6.69805862048	20.35	0.211496638002
expt03_F41A1	2.67533617844	31.8916579435	55.4915854739	12.7395522989	13.44	0.260689266447
expt11_G1G3	8.33988358788	30.9059250784	42.692403363	10.6034525645	21.39	0.224864434605
expt11_G1B5	5.17361249056	17.005681141	71.3082515593	17.8191172381	10.7	0.313853243812
expt07_E4	9.72116577925	4.5888546379	82.4372472877	19.1330717803	7.24	0.371311901998
expt11_G1C10	19.0909090909	53.5654345654	2.74825174825	3.32567432567	27.17	0.0879120879121
expt07_D3	21.4536365909	3.59610097476	67.2761809548	15.3671582104	10.64	0.230942264434
expt11_G1E11	2.52737660689	11.7203618473	81.0278130455	19.3411760038	9.06	0.346175210284
expt08_H4-1	11.2699388937	4.28438219189	72.1807793032	16.3806443933	15.45	0.261883977462
expt11_G1C5	3.57624296249	13.7588216636	77.3293156768	17.5967409404	9.43	0.308262627865
expt01_F38H2	2.11892330309	11.776752674	72.6750139403	16.2406853551	17.21	0.515030161707
expt05_F42E1	18.3976853238	5.9443280455	66.2795570189	15.4664272174	12.17	0.251421730021
expt04_F40G2	12.1490705794	4.84893131774	79.1783559045	19.3906795568	7.53	0.426867418814
expt11_G1C4	16.8472241799	47.5936851856	18.8044944725	6.52926844002	19.73	0.15605807374
expt11_G1B12	21.619220634	51.2117703426	2.73097500599	3.22306955202	26.95	0.195640022359
expt10_F6	12.1709240683	52.7122771503	28.6359946686	9.22865703949	9.9	0.232495214808
expt02_F37A1	1.78940264627	55.7894844475	35.8616740629	11.3294750404	11.89	0.271989202233
expt02_F37D3	6.35689993916	3.87158543518	85.2077910421	17.5996569229	7.65	0.286230041189
expt11_G1B10	18.7854564208	53.9562423136	2.98032292617	3.24017138097	27.12	0.0773594636411
expt02_F37D1	20.5500639494	3.48697712694	64.606736003	14.7460366247	13.78	0.181437820367
expt03_F41F3	10.6920262174	12.1637379871	72.1912823194	15.7344485102	8.18	0.307611886284
expt08_F5-1	22.1442775629	4.31293781415	64.3762928321	14.9164093494	12.12	0.267809855003
expt05_F42B4	9.95288162383	4.53776973019	81.9039425376	18.7082962355	7.14	0.303118216104
expt02_F37E4	10.5911823647	4.86873747495	77.004008016	17.8607214429	10.97	0.362725450902
expt05_F42A1	6.5364092115	64.373543682	25.9287652441	9.18526887035	7.2	0.153323179035
expt10_B3	25.8921656241	58.7945586337	2.93019561116	3.91222321517	14.85	0.160857908847
expt09_B4-2	0.0462371968197	34.0175098254	49.666790636	12.5684762833	19.82	0.225155045383
expt06_F43B3	15.3849979114	19.2697869632	37.4395798938	9.8711037734	29.9	0.181011676248
expt11_G1C2	8.49860637345	23.7973053199	57.5049556756	14.0922309093	13.55	0.256588281462
expt09_A2-2	8.09018699486	5.64265192711	76.6818104999	18.7392510264	13.17	0.307184539372
expt04_F40C5	13.6795896123	4.45486635401	74.3767686969	16.656500305	10.57	0.351989440317
expt11_G1E4	7.04160677208	23.08237502	58.7476042166	14.0123382846	14.39	0.18966618751
expt11_G1F4	7.99368025279	25.7319707212	56.866725331	13.9244430223	13.06	0.24399024039
expt09_E1-2	15.2714829358	4.53531448414	72.8880454642	17.292337509	10.44	0.327051389464
expt04_F40F1	24.6019413557	5.58896535023	58.5696123343	14.5561318185	14.07	0.375355679777
expt07_G1	70.0911218443	2.88303540308	4.28720808644	1.6162923866	23.35	0.121495792461
expt08_G3-1	41.3467253659	5.44513061261	21.9930890664	5.44513061261	32.67	0.127942939464
expt09_E2-2	10.9665888894	4.81457578315	79.1103609194	18.831355806	8.86	0.334607555975
expt11_G1A2	18.9488062835	53.4134166307	8.06524512118	4.56294004801	22.37	0.143627652843
expt07_E3	11.5148438977	4.45963833239	80.9751291315	18.6028921466	7.02	0.378188477194
expt10_F4	14.5905801447	73.9714525609	3.5764263724	4.38407100876	10.95	0.133941065931
expt08_C4-1	32.749224282	4.44048850346	49.0323414751	11.0430424059	16.04	0.157132627894
expt02_F37B2	6.88848708777	4.46228528753	84.0149758264	18.7895522975	8.56	0.487402224755
expt10_E3	13.2549830386	72.4502699773	3.3461129288	4.2433609667	13.94	0.151548605954
expt10_D6	10.6323236132	45.6933929971	38.3630825404	11.0262236201	8.77	0.164703781242
expt01_F38G4	25.0983764099	15.4448434576	40.8760305498	10.3353396389	20.8	0.191189115371
expt07_A4	49.8978099265	6.71448894945	7.99987977638	2.52068848057	36.27	0.0781453503517
expt05_F42A2	9.16306349588	66.6996957322	18.1599807831	8.11914484747	10.33	0.166146208664
expt11_G1A6	18.1864199859	54.3091383708	2.98756339887	3.83718275749	27.35	0.114142787665
expt04_F40B1	23.3304634085	4.2795644467	62.1625728032	14.3357812104	12.87	0.306913142568
expt11_G1D10	0.497991171073	2.5534447696	2.00486087	1.62690342741	95.83	0.0853132285105
expt11_G1E8	4.09473018169	14.2286098808	76.1145761146	16.8379081423	9.3	0.283226370183
expt11_G1C8	20.0888305658	54.2280321001	2.7921061929	3.46540150406	25.53	0.102962701257
expt04_F40G4	24.971625456	3.99675719497	57.9803404945	14.341305229	15.41	0.194568301581
expt09_H1-2	4.01645293975	4.26344866521	88.5081458182	20.4391483184	6.74	0.246995725462
expt11_G1F6	7.59532595326	24.8660873706	58.7757409832	13.7691941436	12.13	0.184501845018
expt09_E3-2	0.0239279767899	41.1521320824	37.6068035214	10.0676962343	24.67	0.207375798845
expt11_G1H1	2.46799630804	10.3334804767	83.190537341	19.0788153618	8.31	0.322043420683
expt11_G1E12	6.43924528302	16.933836478	67.0319496855	15.9667924528	13.26	0.285786163522
expt03_F41C2	2.9333732296	5.82884500299	89.8803111909	19.4504288849	4.9	0.348094953122
expt08_H3-1	64.2164482195	3.69538402912	2.24631213711	0.947662932841	30.29	0.0762141617946
expt09_C3-2	0.0653640082002	43.3422796193	32.0838243887	9.38666772305	27.76	0.212928208531
expt04_F40G5	30.2740483733	4.08306934178	48.0957409363	10.8744405893	19.24	0.203147784985
expt10_C4	15.2392672131	63.8737272493	3.4644622194	4.12043744914	20.21	0.132981362761
expt11_G1G11	1.23875237058	8.19210749304	88.1309768793	19.7786789331	6.51	0.353064600734
expt07_F4	15.8771011023	4.46905082548	74.2730310739	17.455234675	8.99	0.364107935558
expt09_B2-2	3.92219451372	6.19451371571	64.4748129676	15.4064837905	28.39	0.389027431421
expt10_H4	12.3990784333	74.7801262146	3.59511168987	4.42351998397	12.56	0.134228187919
expt06_F43F3	15.9674845402	2.70496708558	39.5022940355	9.61200877718	42.98	0.192499501297
expt08_C3-1	46.9163870302	4.72668427218	29.553442011	7.1500903441	20.68	0.160832357088
expt04_F40A4	51.4437652204	3.23045574276	2.45117041897	1.23055514139	43.02	0.187863426271
expt08_B2-1	65.4231968695	3.80887114395	4.64811393838	1.49971197585	26.68	0.0635639512941
expt01_F38D7	41.267594158	30.5827714745	11.7409814026	4.28065100931	18.42	0.101847513902
expt03_F41E2	48.641266562	27.1985061878	1.41236765261	1.90997397747	24.0	0.038735821696
expt05_F42E4	8.91120675913	4.40777937191	83.0055396142	19.1017057229	7.21	0.2610393751
expt01_F38B8	44.320160613	26.2481306209	3.16309179932	2.22379284207	27.66	0.0860426525721
expt11_G1E3	0.645453174483	83.8998642739	10.8038003318	6.46659629015	8.76	0.144774543809
expt06_F43D2	14.1175416949	4.13963300561	75.0806034311	17.2570950921	9.61	0.181108943996
expt11_G1G1	2.66872715385	10.9086946616	81.1990450434	18.761330203	9.06	0.31402617215
expt10_D2	17.1195789176	68.8211509181	4.22695693384	4.14427313886	12.83	0.129067387293
expt11_G1C7	1.72353253945	8.57352100242	77.6231703769	17.60852336	15.47	0.256824406344
expt06_F43C2	15.6468056868	4.44911419896	73.8794264916	17.7602606125	9.05	0.278509521607
expt03_F41A2	1.67092178854	58.3014613115	24.5591726851	8.36553649305	19.4	0.191728837805
expt03_F41B1	4.16326448322	42.038890737	38.9975907501	10.4494914366	18.36	0.230844447133
expt11_G1B4	6.04579418658	21.6901380236	64.0657865743	15.5972675735	11.98	0.254412147679
expt09_G2-2	46.9838018056	23.4065415399	1.65597164061	2.33683808835	29.01	0.264111911146
expt08_E3-1	54.1303253097	4.79101621513	19.469231544	5.10726155706	23.06	0.152079766341
expt09_H2-2	0.0303134409797	41.1171513449	41.1323080654	11.4322090415	21.29	0.206131398662
expt10_C6	12.0546133889	33.3770747979	49.0208256118	12.5434492983	8.95	0.272465916718
expt11_G1A5	17.8978676211	56.1667590866	3.11034934718	3.6789837173	25.72	0.17139688461
expt04_F40C1	20.8256197682	5.19558918223	63.7777688345	15.5897858983	13.12	0.275676110753
expt01_F38B7	23.494804092	29.7319154098	31.9457361207	9.28288383001	17.6	0.309328373297
expt07_G2	65.908066471	4.53256939088	3.71019602737	1.43439544039	26.48	0.069115422756
expt03_F41B4	1.99502740916	62.9761655134	24.8829244426	8.20177934877	14.01	0.20569351666
expt05_F42D1	15.2408947231	4.44442207413	74.0159858262	17.1304032696	9.04	0.18723952566
expt11_G1C3	3.30967151833	14.1284896206	77.1096794719	18.0704684642	9.2	0.266443967231
expt11_G1F9	1.58796573023	8.29248854353	86.238294481	18.7866108787	7.57	0.257023311417
expt06_F43C3	27.5088265215	3.02894301159	35.1834121238	8.19220872479	35.21	0.150599405581
expt11_G1F11	16.722890119	47.7252024545	2.11113224357	2.59962562188	35.44	0.0940950359863
expt04_F40D5	13.0671166104	3.77419927772	76.4381426006	17.35934324	9.48	0.235825784935
expt05_F42C3	14.3250196172	4.10818757015	75.5038390099	16.8697915115	9.0	0.255271809847
expt01_F38A6	8.707415328	69.2952703039	11.544238325	5.98398567663	14.09	0.187994230865
expt03_F41D2	19.5832252141	17.436475778	55.0150701611	13.985309088	10.81	0.21058304557
expt02_F37C2	0.785634118967	7.4659639877	20.5338408237	8.16864295125	72.73	1.12721417069
expt11_G1B3	4.73320915964	18.4288375151	70.7381694672	16.6110541152	9.8	0.270924430013
expt10_B1	14.697003019	55.5051282564	18.0638582882	7.06159905632	14.7	0.181938141032
expt10_G5	10.6680351375	49.9411356295	33.9280144092	9.9274509212	9.05	0.219357824936
expt01_F38A2	3.70917347318	6.84971417664	88.1893165356	19.9111888042	5.27	0.51940484443
expt09_C2-2	8.83807231332	4.78812496866	81.2857930896	18.8385737927	8.79	0.360062183441
expt11_G1B6	9.3312923945	33.4063669288	46.6414550693	11.8024291174	14.06	0.226104007844
expt02_F37F5	0.00807705510571	5.81850857177	17.557498536	9.15332269854	80.01	1.72041273752
expt07_F3	8.13023590996	5.05149583129	84.8485151785	19.6845192221	6.57	0.402358098708
expt11_G1H11	17.9777522821	52.7580186562	8.20072828852	4.15723050831	23.46	0.0788147852547
expt07_B2	66.9237155059	4.11678218862	3.20260849561	1.28124343625	26.37	0.0680129224553
expt11_G1G7	1.29791218424	7.90501235158	88.289903578	19.74958164	6.64	0.302812973145
expt08_B6-1	4.00139769381	6.72091049768	81.1600858583	18.268856387	12.13	0.427294963311
expt07_B1	64.175023699	6.36431671905	3.38073142743	1.41096642219	26.66	0.0788305143941
expt05_F42D2	21.0663421307	10.7579658835	57.0425651754	13.7069520438	13.79	0.163944319279
expt08_G4-1	26.9384732397	4.65553820904	57.4786837997	13.4932548737	13.84	0.233177214683
expt10_D5	7.12892500177	33.1382833581	55.5710517539	14.2437013007	7.79	0.21627302954
expt01_F38A5	5.27040353053	8.36059011336	6.8345358862	2.00251901466	80.25	0.0605344607063
expt10_G3	13.8256327027	75.6058223868	3.33620733377	3.98437896232	10.4	0.0770908353198
expt04_F40E3	10.8076256499	3.8445159693	78.9918296608	17.7885615251	9.51	0.316910126269
expt10_F3	21.0766037203	65.1444003305	3.14899534453	4.03575243354	13.4	0.146113383986
expt03_F41E3	8.04748023321	14.2470649309	72.5441258685	16.0670074275	8.38	0.308481750659
expt07_B3	38.6389144987	3.73692227522	41.5971860344	10.1154447429	18.03	0.210446145829
expt08_E5-1	11.2783534024	4.63555626675	78.0623674841	17.8831459775	9.72	0.314037684522
expt11_G1C9	1.22937754045	7.98896150474	88.2591456125	20.1661751813	6.58	0.307842512154
expt09_F1-2	13.6670517008	4.80861148729	74.7968613081	17.7208635386	10.2	0.331594041265
expt02_F37B1	10.2144486692	4.1825095057	81.663878327	18.1505703422	7.49	0.434980988593
expt01_F38E3	6.10116496041	8.70744868627	82.3985072369	17.7053810076	6.42	0.468001412073
expt07_C4	44.6744350917	1.95908096936	0.331506055977	0.350477788096	53.3	0.0179732199023
expt09_A4-2	0.0269954107802	38.6194346961	40.9200435926	10.6521891278	23.81	0.236959716848
expt04_F40B6	66.3351863085	3.62175439294	0.414681928022	0.655336668026	29.79	0.037788760827
expt03_F41H3	1.90190089619	51.5944620825	33.396294659	9.81593859261	16.91	0.225053249206
expt05_F42H1	22.3086937935	6.59418600132	61.7630484629	15.1869340484	11.8	0.244840853445
expt10_G6	10.013196305	36.8286879674	47.9565721598	12.6794497541	8.65	0.248930299516
expt07_G3	19.1283437933	4.98488370933	69.7754008561	16.6069664648	9.71	0.340241261986
expt09_C1-2	52.5176319512	6.52306951453	17.6379706452	4.61289966592	24.25	0.189612448208
expt04_F40A5	21.5705844778	5.31978601086	18.1481555414	4.46642446503	56.05	0.100806451613
expt07_H1	47.6058904206	6.57216365839	29.494148622	8.06779389535	18.32	0.167182228629
expt05_F42C4	8.21628440137	4.07059977775	81.2548179443	17.9853234155	9.77	0.294332595833
expt01_F38B3	3.29460229233	7.11251712346	89.5051690664	20.4476243976	5.17	0.539080901556
expt11_G1D3	4.36336768112	16.8364086588	72.4179247544	16.6167425513	10.3	0.297547727454
expt04_F40F6	50.0960329831	3.35260696868	19.5464829805	4.80768263864	27.9	0.108602745236
expt11_G1B2	21.0593534974	51.8568387704	3.33349834167	3.14340874214	25.98	0.112865699718
expt02_F37F1	0.0136608022794	5.38918649922	18.4342769045	8.94099509187	79.2	1.56025877463
expt11_G1G2	2.5028280543	14.2776341306	78.6128393665	18.4985051713	8.57	0.28078539108
expt02_F37C4	12.3803446075	4.62009096342	75.8308769158	16.6580565432	10.26	0.393026812937
expt07_E2	64.1388161919	2.9209156815	10.6217850375	2.98408687543	23.25	0.151410321973
expt04_F40F5	24.8031654618	5.20529187894	58.623467107	14.6805340207	14.05	0.248686091702
expt10_E4	14.3590413243	74.1487032163	3.45541113366	4.34839383651	11.14	0.1406271973
expt04_F40B5	20.0002001021	4.06007063602	65.5614363325	15.6189656725	13.07	0.293149506248
expt10_E1	10.2495499349	45.2084224346	38.935359704	11.3227439552	9.17	0.247660158542
expt08_A3-1	41.1067115226	4.58384193238	33.173558804	7.72375877023	22.99	0.190538569174
expt05_F42F3	18.7517386639	4.52450025832	69.4521718396	16.12287883	10.14	0.245399992052
expt09_G3-2	0.0200140098069	22.3386370459	66.8988291804	16.1332933053	14.46	0.259181426999
expt01_F38B1	2.29788003981	6.82528673241	91.947367892	20.1903842868	3.78	0.5588894585
expt02_F37C5	16.6892553644	3.68706904227	70.6043548371	15.419012099	11.96	0.433307282134
expt11_G1C1	2.6484929078	12.2239684075	79.3248307544	18.5263539652	9.76	0.302224371373
expt09_D4-2	0.0868476328971	60.6519631604	3.43351106802	3.98085312651	39.09	0.169655841008
expt01_F38D6	20.5925301304	22.7520463987	43.7991032866	11.967833491	15.96	0.205668216034
expt03_F41B2	15.6964053269	11.9184940423	63.9451286673	13.8530089116	11.22	0.30039050766
expt11_G1B8	19.590317315	54.203328423	2.87255643588	3.94852092208	25.87	0.120436357845
expt06_F43E3	16.6896800144	10.4490604551	29.5581437234	8.08468911969	44.25	0.175101558904
expt01_F38D2	3.73241258533	7.34143963064	88.648530319	19.5088459472	4.48	0.425879121973
expt11_G1G9	0.94055529903	6.79066872779	88.7243781494	19.8861697215	7.55	0.271024472506
expt07_E1	69.1713849737	3.26767859294	4.05272457134	1.38336746577	24.15	0.103401196643
expt11_G1A7	18.0140384848	54.6421799992	2.53035620638	3.15865908266	27.11	0.14320868127
expt05_F42E2	24.3599944304	27.7007538838	34.3315497384	9.1868398544	16.13	0.181011676248
expt03_F41G3	11.5216460348	7.44539940843	75.5345529872	16.1595841093	8.53	0.16830825308
expt07_A1	64.6442842513	3.30917049858	0.510029919078	0.582317624144	31.93	0.0853396518142
expt10_A3	28.2592703052	54.3851277463	2.7636942042	3.59976140769	16.83	0.151108460085
expt10_G2	13.7799416945	70.5757420932	7.98645548443	5.30159588856	10.95	0.163295564973
expt10_B2	13.2246667737	43.429821744	36.6348161233	10.5969969488	9.93	0.239882768588
expt09_C4-2	0.00903197318508	11.1835899083	84.106737852	19.5301366839	8.44	0.265941432672
expt03_F41F1	3.11225260613	6.42393110742	87.714156217	18.2142317571	6.16	0.362592536637
expt10_H6	9.4716815746	47.1791142897	38.3847640297	11.2606331056	8.6	0.249018865669
expt02_F37G1	5.15294884585	4.34597947512	89.1528303191	20.1357130863	5.36	0.529419317879
expt11_G1C11	18.6648801072	57.3935563866	3.01481911085	3.52978821271	23.8	0.104993700378
expt09_D2-2	12.6056281888	4.8678651148	76.6073421556	17.942841199	9.39	0.317881058673
expt01_F38B9	37.4033543476	20.8189603902	25.7711827445	8.00027754649	18.23	0.265651639507
expt04_F40A6	12.4390729136	2.05809211181	2.13170197951	2.62508703869	82.89	0.132298816274
expt01_F38A1	37.3619098437	30.923301911	1.62546194739	1.94067310923	31.57	0.0592873658623
expt01_F38F4	30.3306305676	14.5649413623	42.0671658952	10.770738145	15.49	0.295937853051
expt10_F1	7.21974350253	17.3535943659	28.2177227346	8.09107460835	48.58	0.188071467158
expt11_G1B1	20.5199488311	50.4719024164	2.52822852768	2.83342902326	28.83	0.134973156458
expt01_F38C4	6.59932314634	9.22366936724	80.5096913137	19.2134140088	7.76	0.526099887191
expt09_D3-2	0.0490682048047	35.2860476062	48.3011385826	12.7667457766	20.09	0.253352159502
expt01_F38B2	2.12967251727	5.23893526229	92.861014477	20.675858127	3.81	0.548925308709
expt01_F38D5	30.8515981276	20.2402716114	35.8388412319	9.78765293208	15.52	0.183819836471
expt04_F40D1	21.8655758263	4.16131697073	62.1161904193	13.2443542046	13.99	0.174176146826
expt07_F2	69.1126739488	2.72731807073	4.70946181854	1.58611402065	24.15	0.120704274527
expt01_F38C8	44.1315778911	24.592582186	2.85393168225	2.11937542648	29.68	0.0933247702003
expt04_F40C3	58.2237369687	5.03809141941	12.6934643144	3.81415396953	24.66	0.237570168404
expt08_A2-1	55.2763719361	5.03820581522	17.0973504019	4.63927756277	23.9	0.130991366478
expt08_B4-1	20.2497609943	4.40168897387	67.7133126195	15.514459847	10.66	0.269877310389
expt08_E2-1	59.267351031	6.15429124393	11.1244126538	3.29711988348	24.58	0.116721036722
expt05_F42B3	28.8240319472	4.54473208432	56.2573262075	13.3401545706	12.68	0.238412174915
expt11_G1A1	4.68546151337	9.86933300718	0.514717873451	0.606449771689	85.36	0.0540198956295
expt06_F43D1	9.77571011761	4.50284247571	80.8185527938	18.4866198101	7.98	0.195514202352
expt04_F40F4	14.2709317944	4.02069548779	73.3655042038	17.0638276703	11.3	0.336301676534
expt05_F42A3	5.29770088412	44.8172047327	39.2916996999	10.6837135087	13.93	0.153542003272
expt04_F40B4	13.225581858	3.96359657848	76.6669982097	17.5283469266	9.21	0.352098667197
expt03_F41B3	6.41889174843	12.0707334727	77.7686183046	18.3338024771	7.12	0.293549943703
expt05_F42B1	8.40851893483	4.66432571696	83.075530444	19.3178087915	7.22	0.257637099742
expt01_F38F7	45.6641973315	30.5454068347	1.74602854202	2.14771603318	23.48	0.144324902606
expt08_D5-1	13.8408582296	4.47479602999	75.9521109517	17.2930444469	9.2	0.288016698947
expt04_F40C4	21.2634914348	3.86671947718	64.6836320428	15.1925933261	12.75	0.263392415091
expt11_G1G12	0.612730398625	91.9955219703	4.4550397825	5.64351685258	7.32	0.134940626125
expt08_D2-1	58.6354814631	4.17317740732	15.661607365	3.99800945509	22.59	0.114456332421
expt11_G1H8	1.36060551451	8.07853266855	87.4421817745	18.9043070824	6.68	0.198233916021
expt02_F37A3	3.13082841156	7.42636773391	46.4223267019	10.5542819397	45.27	0.269078333851
expt11_G1A8	18.9535010887	57.691657636	2.96670411501	3.66861199209	23.18	0.113339232276
expt10_G1	10.4390439044	50.2600260026	32.5662566257	9.74197419742	10.15	0.2400240024
expt06_F43A1	1.43406890746	84.276351392	6.88373118474	5.3805143006	11.28	0.148317399234
expt02_F37D4	29.2473878149	4.86699308465	47.9117661905	10.5375801322	20.12	0.238251476452
expt11_G1G6	19.7703813987	53.0810659579	2.66089789067	3.02760818953	27.03	0.0989218517371
expt08_B5-1	18.4990978238	4.47997766989	70.5561592216	15.9540637804	9.57	0.286104492937
expt09_H3-2	0.00799840031994	13.8142371526	80.373925215	18.1093781244	9.62	0.291941611678
expt07_A3	17.08414639	4.44128071363	72.4234399267	17.076181753	9.55	0.294691569432
expt03_F41D1	7.25673556098	9.47842833601	79.3297198563	16.9476045824	6.93	0.237258522445
expt11_G1H2	18.6125955152	56.1773959946	3.18533686261	3.89851670579	24.86	0.103880537382
expt03_F41E1	10.7544926928	12.4816446402	71.5414506478	16.0548213412	8.36	0.291687893953
expt04_F40B2	0.0513120490954	2.62204570877	2.82729390515	3.41430374681	93.9	0.0820992785526
expt04_F40C2	25.8878908882	5.29365023486	58.3850494362	14.0684563623	13.06	0.315828647871
expt11_G1D1	3.93350245155	13.239349062	76.9865540994	18.4542729087	9.55	0.297795112952
expt02_F37E5	4.35601763714	4.10349487556	90.2285528276	19.7293271649	5.09	0.511950442408
expt08_C2-1	54.2485499744	4.14249957278	21.7267618942	5.21205054231	21.14	0.119620832119
expt07_H3	13.4845228291	4.69537794026	77.6439748509	19.1862684049	8.08	0.398730490328
expt01_F38D9	42.5345789124	35.2543840222	2.75624635084	2.70188648855	21.25	0.091606434597
expt11_G1F5	5.8147632312	19.5801830481	68.1695185038	16.4056904099	10.32	0.270592916832
expt02_F37B6	24.4061569017	4.29394240318	51.6454816286	12.0566037736	21.97	0.308838133069
expt10_D1	9.53116481919	52.3785006158	32.6791447089	9.76639004987	8.92	0.165566256789
expt11_G1A4	20.281998934	54.8137942132	2.51727293756	3.18908209548	24.77	0.103587340219
expt02_F37E1	43.3210221601	8.59452984628	0.669794370134	0.696745857457	47.95	0.094829307247
expt08_G5-1	33.0001001703	4.39447060002	47.9865771812	11.1810077131	16.75	0.204347390564
expt02_F37B5	1.5145280273	5.04641943092	18.6029005871	8.8071460832	77.04	1.43122396748
expt04_F40D6	3.5312235012	2.78852620396	7.99422996326	6.10824666907	84.41	0.229047066736
expt08_D4-1	22.1980130729	3.95186599236	64.7140544106	14.8399864073	11.85	0.247866152278
expt11_G1A10	0.214400929739	89.542444371	5.35902136996	7.19445362828	9.39	0.167312875076
expt10_B6	10.9175769613	48.8818272095	34.180734856	10.0794438928	9.5	0.22641509434
expt11_G1B9	1.22702469123	9.38508074647	86.0776412184	19.7379131536	7.09	0.290425991619
expt07_F1	67.8219253203	3.43686125929	6.72216959968	2.10778204297	22.71	0.103694102398
expt07_C2	71.7181864759	2.77071759376	0.876020936097	0.597743643323	24.97	0.0602766699149
expt04_F40C6	13.0454381536	3.94678847618	77.5714228473	17.8547101014	8.46	0.360620266859
expt11_G1D9	19.5631136469	55.4212616681	2.43140259269	3.09671175984	24.77	0.0826596237979
expt02_F37H1	4.16419456372	4.38743802983	90.8530514968	20.5373932806	4.68	0.605371921603
expt04_F40G3	16.6081072942	4.3246933162	71.1205252274	16.2186038107	10.87	0.336298110707
expt09_D1-2	12.1226377322	4.83664317745	77.6275224215	18.6318866111	8.96	0.33031710442
expt01_F38G5	49.1043235061	28.167446896	1.64098759987	2.07203504516	22.57	0.106258207444
expt02_F37H5	6.32066637094	4.50588989107	86.7356695746	19.9398688945	6.54	0.528365123959
expt05_F42B2	14.4395968106	5.34677298029	74.8277418384	18.1605736924	8.49	0.259766310616
expt10_A1	8.89687575295	44.7564452654	41.831981367	12.1596658903	8.23	0.24094450245
expt10_F5	11.2872899846	50.3061624622	32.274249173	9.83942809455	9.5	0.227233879968
expt10_C5	13.2635602293	50.6718829733	29.877029907	9.31931200784	9.57	0.217123760544
expt04_F40A1	44.5358683496	7.09378494967	29.9708419875	7.88264898546	20.12	0.182736858923
expt10_D4	14.6499292081	74.5687678226	3.46581051708	4.28540092129	10.65	0.106686342154
expt10_H1	7.68824385479	41.25515839	45.1406471163	12.4758278344	9.43	0.254181535456
expt09_B3-2	0.0199834137666	31.1561404035	56.1084300031	14.3111217689	16.36	0.260783549654
expt07_C1	70.3331225598	3.17565465257	2.37170415425	1.13616974296	24.63	0.139512009073
expt05_F42G1	1.99017732105	83.7886348843	12.2724314089	7.01295883548	6.41	0.151876762855
expt10_F2	9.04859298963	46.961804681	38.8199852901	11.0747282198	8.91	0.299235287598
expt01_F38D3	2.40310696671	5.57496855095	91.4049240231	19.7140632176	4.14	0.276551985783
expt04_F40A3	19.5910191635	4.11870808295	67.9691470597	15.4762972485	10.89	0.221232323836
expt02_F37E6	8.0784754714	3.65569589751	84.1743810117	18.320649009	7.35	0.338360208036
expt05_F42D3	6.19829284307	3.55371483408	86.4023435527	19.2908732764	6.85	0.182837517046
expt02_F37G5	7.17191351221	3.69316473959	76.2348956977	16.716429874	16.09	0.496964110374
expt01_F38C5	28.5213272983	23.8142341856	26.7787736179	7.33890870577	23.03	0.211824185926
expt01_F38E2	8.48067485582	9.00640673257	80.3300316838	18.5095601243	5.86	0.476756854004
expt04_F40A2	8.48079800499	4.68728179551	52.4109725686	13.6528678304	36.33	0.328179551122
expt11_G1G5	2.56185243172	10.9524426849	81.7957897466	19.091734062	8.59	0.280218191246
expt07_B4	53.8318094321	5.86501443696	1.72441450112	1.06873596407	39.01	0.186477382098
expt11_G1H6	0.0	94.3740603388	12.4135511677	17.9031773078	5.42	0.0811867294778
expt01_F38D8	44.4768172	31.6893555031	3.80770583212	2.3840859999	21.56	0.0713316923695
expt03_F41G1	8.55996523462	25.1250644271	56.7989570385	14.0779593528	12.68	0.271857219376
expt09_F2-2	16.0141537486	4.74170400032	70.6260159378	16.9418784443	11.66	0.304285770923
expt04_F40E5	19.1908536524	4.58723891618	66.0940152908	16.4371037906	13.07	0.32349779479
expt11_G1F10	14.3084834451	48.483846069	19.6072534809	6.52773183372	20.54	0.131316472699
expt01_F38B4	22.6053716527	12.5925629428	55.1965336429	14.1626305888	12.78	0.39426810231
expt01_F38A4	1.57506366425	91.7507168495	5.32173006356	5.84407772052	6.52	0.154398347737
expt06_F43F2	13.807085359	4.44827448793	76.0769506655	17.8737945326	8.72	0.229138439468
expt11_G1D7	1.93516836663	9.24669155073	85.5745623665	19.3826224076	7.0	0.284436815106
expt11_G1C12	0.00613039346909	0.448540455488	0.197194323256	0.110347082444	99.32	0.0020434644897
expt05_F42E3	9.88809337585	4.27070172272	81.1974810982	18.3101698654	8.07	0.247678639472
expt01_F38B6	36.1812793787	28.4998978132	19.0976905784	6.18741058655	18.42	0.196198651134
expt01_F38G8	44.9809201811	24.4152480376	10.6639381537	4.01862506673	21.52	0.151254522807
expt02_F37B4	38.4974414328	6.30846725834	30.8657151995	7.44982809627	25.95	0.192891980491
expt01_F38A8	18.5819022194	21.7615651273	4.43678527314	2.24229987648	56.44	0.083675339682
expt11_G1D5	5.08109414169	16.5450170645	72.3534919309	17.432975264	9.97	0.322161705041
expt01_F38E6	38.9945693704	23.5269544663	20.2176327346	6.21414816551	19.41	0.213964767135
expt04_F40E2	49.1967486242	7.38425809057	1.10768920079	1.99727369112	42.17	0.09087696269
expt01_F38E9	47.3097713935	23.1616351758	8.85133026646	3.61985484342	22.29	0.134888917969
expt06_F43B1	7.50425638458	68.8362543816	18.1472208312	7.60140210315	9.38	0.156234351527
expt07_A2	34.0988867716	27.1878447498	1.49132484204	1.67686290242	38.42	0.224651489319
expt11_G1H12	0.0266135709498	87.036233884	3.76729882112	4.68201711154	12.8	0.137010606001
expt05_F42H3	13.8362574271	4.34656272858	76.4616294099	17.4714186948	8.51	0.22243820326
expt01_F38G7	39.1857430616	17.6594330168	26.1542583276	7.25448754205	18.93	0.268905228272
expt01_F38F5	44.1996020756	19.8382307362	20.8700346934	6.36179125966	17.08	0.208960297543
expt01_F38C1	10.1294141252	7.9955858748	79.1803772071	18.6536918138	6.48	0.481540930979
expt01_F38A3	1.07275304351	5.50550453372	93.3625225715	20.5366677669	3.98	0.538803564841
expt11_G1F8	21.472557427	56.0540793283	2.72386315025	3.22227638556	22.37	0.0756075965738
expt10_B5	8.90019711171	42.9532563659	43.2388672111	11.899110986	8.53	0.276559797257
expt04_F40F3	20.9187052237	4.47211575124	65.1070618691	16.1947382152	12.33	0.290983524312
expt07_D1	66.2420190036	4.45729224272	4.59906490373	1.61580614348	25.38	0.0995425066613
expt01_F38E1	14.0514323246	10.1460112161	71.0544131764	16.7827009549	8.28	0.486030414793
expt01_F38A7	2.55266588897	89.4119261648	5.02886943565	5.46117575556	7.36	0.204879865897
expt08_A6-1	9.9183544053	5.07708770956	80.3218263248	19.0053901946	8.4	0.260592128731
expt04_F40E4	15.7750960615	4.16366474544	72.5354226705	18.1976464938	10.64	0.299191482549
expt11_G1D12	0.0256331890645	2.53177036606	0.659561672467	0.386469619741	96.85	0.00591535132257
expt01_F38H7	49.6806119633	18.1154134301	9.75415007295	3.47088048579	23.72	0.120263396554
expt04_F40E6	38.1670826723	3.44088846671	38.0276281617	8.54512566064	21.93	0.148549369928
expt11_G1F7	0.282902338925	1.81097342312	11.9426624696	3.16870542296	86.65	0.316770928796
expt01_F38E5	34.4785807862	13.3686626412	40.4783246816	10.2983619153	14.13	0.303385506447
expt03_F41C1	35.6589069436	17.0707212726	29.2405648061	7.62648884247	19.75	0.14762889911
expt10_A5	9.47846571312	42.7465285716	42.1968650293	11.6055542855	9.24	0.243521822537
expt06_F43A2	0.153140879665	89.7365777986	4.80802696871	5.18491264009	9.4	0.113364027804
expt11_G1E2	2.67206640472	11.1063098552	83.0762428274	18.5286048779	7.13	0.321572489474
expt03_F41C4	21.2716114888	11.551822523	58.0564426513	14.0355794932	12.0	0.267296699336
expt06_F43A3	0.0700602518166	93.923774446	4.60796284805	5.33959204916	5.96	0.124106731789
expt11_G1D4	3.40991487629	14.5604259165	77.3642440677	18.3130208489	8.62	0.286063351113
expt08_C5-1	22.1284377857	4.27255097017	61.2124317969	14.0586219717	15.29	0.248193812237
expt01_F38H5	44.551850538	21.8428520752	13.162666036	4.54751487919	22.18	0.16357258287
expt02_F37C3	5.16386479919	4.16526737915	59.6639734498	13.4153809684	33.82	0.372375101243
expt05_F42A4	1.26475380519	87.1249453563	8.24623455073	5.68294718436	7.36	0.156976513134
expt11_G1E6	6.5071377015	19.5394578555	66.8126954848	15.6808886037	10.92	0.220546956452
expt11_G1G10	0.977532835851	7.28825150351	89.0429832854	19.4108654987	6.58	0.286622282117
expt05_F42D4	9.2525204319	3.96508182704	81.7077293245	17.9283739983	8.17	0.178965578954
expt01_F38H1	5.60322867447	11.0056641659	80.3422474851	18.3760726452	6.89	0.496488616725
expt11_G1A12	20.9350654566	40.9796401895	2.41948437876	2.4917677295	37.8	0.0913581238455
expt07_H2	65.0059300158	4.66926457837	8.30301882655	2.47466039447	22.88	0.0916910013255
expt10_H2	23.2657084519	62.976634715	3.02652357148	3.90561350218	13.41	0.138803673268
expt06_F43F1	12.3144271032	4.57395868812	78.5226293751	18.6123855509	7.91	0.330575200849
expt01_F38D4	27.5038744673	19.3723363038	42.7402169702	11.2088337854	13.24	0.246028671058
expt01_F38D1	15.4938357113	9.50072230028	67.5479389706	15.6857894841	11.1	0.321572042032
expt11_G1E5	6.00955468695	18.7275904211	67.1848013817	15.8339140886	11.71	0.267652435637
expt08_H5-1	16.3048843136	4.38570867371	71.9653091854	16.6070691097	10.52	0.2387259889
expt08_D3-1	57.6515573966	4.39237632438	16.5747231737	4.43220744045	22.67	0.146379351549
expt06_F43C1	16.5446603404	4.6794195913	72.5299994979	17.2696691269	9.27	0.27514183863
expt03_F41D3	43.6195035604	31.7144064046	3.5372329726	2.84225771412	22.96	0.0804602325301
expt01_F38C7	36.5618373503	30.4492827206	17.7194397157	5.99408655138	17.42	0.153311630778
expt08_F3-1	59.7888608655	5.32034731291	11.1700377817	3.02253945152	24.76	0.130591249389
expt11_G1H5	6.20229958352	22.6361516848	62.1624853038	14.976187155	12.33	0.235139389833
expt08_H2-1	50.6755072536	12.0833541054	14.7056184256	4.28635525201	24.09	0.136597038736
expt05_F42F1	19.4787229808	5.89546594483	67.5530432706	16.6205565065	9.94	0.253771744755
expt09_G1-2	13.1390582825	4.94451664501	75.2784164751	18.199540138	10.09	0.329901029691
expt02_F37E3	7.67850699595	5.08058373091	82.6374133023	18.6074249288	8.52	0.486108326986
expt11_G1H7	2.64382105833	11.3151931985	81.6135629925	18.1909326061	8.12	0.245633735036
expt08_F4-1	17.765045845	4.56149823519	70.3882572917	16.1092279849	10.9	0.292967773545
expt11_G1E10	12.3283311952	39.0644112295	33.3989677496	9.52395158965	18.54	0.206847857434
expt04_F40D2	9.32413517297	4.19516096781	73.8832233553	17.2275544891	15.52	0.244951009798
expt10_H5	12.4177367576	56.0774478331	25.5467495987	8.37680577849	9.5	0.199638844302
expt02_F37D6	4.23246233997	4.4394410565	89.4743750252	20.6726303461	6.04	0.463430394572
expt11_G1A11	0.858248892179	6.8239789539	90.5222514529	20.166848386	6.15	0.346100369107
expt02_F37E2	12.7136097409	3.96527994053	76.6222284733	17.8975075096	10.13	0.348607078632
expt10_A4	14.5343499262	74.0279829149	3.65554269291	4.37806873977	11.09	0.131731268213
expt04_F40G1	10.8899983829	4.66324385511	76.3785575679	18.1627991591	11.4	0.376980918499
expt11_G1A3	2.20506056365	12.7994200389	81.6023440096	19.2232951056	7.81	0.310118106669
expt10_H3	12.3100716029	69.3302670295	3.35720096006	4.134488888	18.12	0.120509756269
expt11_G1H10	18.3458480343	58.2069298272	3.12113627454	3.71520762341	23.01	0.0864469306314
expt08_B3-1	58.1873633099	4.50651096531	13.1643893337	3.13509500592	24.98	0.101326270591
expt04_F40D4	35.2526522198	4.76142591382	41.8834531651	10.0135753432	19.74	0.12770878375
expt03_F41H1	0.481845809341	76.5325095969	10.0237923864	5.77315259117	16.91	0.15195137556
expt03_F41A4	2.60569560875	81.8166227845	4.83410505503	5.37380584894	15.0	0.146274046949
expt02_F37A5	13.9495466267	31.8889859413	6.12365859745	2.91677065136	49.83	0.158056734049
expt05_F42C1	32.520416382	5.84301051151	50.7498751058	12.6545884608	13.04	0.199830755585
expt06_F43E2	12.9258327783	4.88384345458	76.5420439973	18.1426881517	9.09	0.271379862223
expt11_G1A9	0.993145193618	7.11937785617	89.7328228975	20.3188887998	6.22	0.294636414656
