Sample	avg_quality	dinucleotide_repeats	mononucleotide_repeats
expt10_C6	33.9313964506	0	0.0
expt09_E1-2	33.4758243953	0	0.0
expt07_B2	33.7141022146	0	0.0
expt04_F40D1	33.441084845	0	0.0
expt01_F38G4	34.1501022421	0	0.0
expt03_F41D4	33.7937238868	0	0.0
expt07_C4	33.8490059879	0	0.0
expt11_G1D5	33.0172559953	0	0.0
expt11_G1G2	32.8569034691	0	0.0
expt05_F42B4	33.3705939281	0	0.0
expt11_G1D6	32.9204742379	0	0.0
expt11_G1G1	32.9391695776	0	0.0
expt10_A3	33.7800374004	0	0.0
expt06_F43D2	33.0375288684	0	0.0
expt01_F38G7	34.3982021758	0	0.0
expt05_F42B2	33.3932591989	0	0.0
expt02_F37A6	34.4669354558	0	0.0
expt04_F40B1	33.7438674223	0	0.0
expt10_G6	33.9540792749	0	0.0
expt02_F37B2	34.2353619551	0	0.0
expt11_G1A11	32.8680837742	0	0.0
expt11_G1E4	31.7404266494	0	0.0
expt04_F40F1	33.5972845223	0	0.0
expt01_F38D7	34.3017168714	0	0.0
expt11_G1E9	32.9193537846	0	0.0
expt01_F38E9	34.3989939754	0	0.0
expt05_F42A4	33.3919572587	0	0.0
expt11_G1H4	32.7289783765	0	0.0
expt11_G1E5	32.9284528515	0	0.0
expt02_F37E1	34.4545675901	0	0.0
expt06_F43A1	33.404574366	0	0.0
expt04_F40F5	33.7362593549	0	0.0
expt10_A5	33.8518041582	0	0.0
expt01_F38B1	34.3467407888	0	0.0
expt07_C1	33.683448549	0	0.0
expt08_A5-1	33.633759008	0	0.0
expt11_G1H5	32.8309008919	0	0.0
expt06_F43C3	31.9754968795	0	0.0
expt10_B2	33.9028536769	0	0.0
expt10_A6	33.8833311253	0	0.0
expt11_G1C2	32.9317123155	0	0.0
expt08_G3-1	33.4680415611	0	0.0
expt10_B1	33.904819488	0	0.0
expt11_G1E7	32.9681792245	0	0.0
expt01_F38F8	34.3638453016	0	0.0
expt06_F43A2	33.3565233605	0	0.0
expt05_F42D1	33.1084699958	0	0.0
expt04_F40E4	33.6080949735	0	0.0
expt04_F40G2	33.7112543603	0	0.0
expt03_F41E3	33.8439695753	0	0.0
expt11_G1B3	32.9510977616	0	0.0
expt11_G1F6	32.8699990775	0	0.0
expt03_F41A2	33.7901520571	0	0.0
expt02_F37A2	34.3600974607	0	0.0
expt01_F38G5	34.4289957956	0	0.0
expt11_G1A3	32.9445569624	0	0.0
expt09_A4-2	33.5129305058	0	0.0
expt10_E1	33.9036013713	0	0.0
expt07_D3	33.6747517624	0	0.0
expt01_F38B2	34.3891044434	0	0.0
expt11_G1C1	32.8849133251	0	0.0
expt07_C2	33.7294009696	0	0.0
expt08_H2-1	33.3927886179	0	0.0
expt07_F1	33.645587225	0	0.0
expt08_A6-1	33.6591153872	0	0.0
expt01_F38C9	34.4851493843	0	0.0
expt01_F38E6	34.3235740082	0	0.0
expt08_F3-1	33.4608047281	0	0.0
expt07_D2	33.5866183927	0	0.0
expt05_F42A3	33.3583931282	0	0.0
expt01_F38H8	34.4351863131	0	0.0
expt04_F40E1	33.6618525843	0	0.0
expt10_H2	33.8982993254	0	0.0
expt10_F2	33.884570083	0	0.0
expt11_G1F5	32.979903557	0	0.0
expt11_G1D2	32.9724881569	0	0.0
expt02_F37E3	34.3709740062	0	0.0
expt03_F41A1	33.7959708718	0	0.0
expt11_G1G12	32.9524284336	0	0.0
expt11_G1H2	32.7351963301	0	0.0
expt09_H1-2	33.2544972995	0	0.0
expt07_D1	33.5159114594	0	0.0
expt07_A4	33.7933765407	0	0.0
expt04_F40E2	32.4852096118	0	0.0
expt10_G3	33.5662328503	0	0.0
expt07_E4	33.8807889205	0	0.0
expt05_F42C1	33.3741014392	0	0.0
expt01_F38A6	34.3871548969	0	0.0
expt11_G1H12	32.9348776597	0	0.0
expt10_D3	33.7725278461	0	0.0
expt11_G1E11	32.8983973438	0	0.0
expt01_F38H4	34.4340264415	0	0.0
expt10_F1	33.8637937662	0	0.0
expt11_G1D1	32.9816342185	0	0.0
expt01_F38C7	34.4108290532	0	0.0
expt11_G1F8	32.8834528538	0	0.0
expt05_F42F3	33.3561807096	0	0.0
expt01_F38B9	34.3857433938	0	0.0
expt03_F41E1	33.7456149561	0	0.0
expt01_F38B8	34.4419262917	0	0.0
expt11_G1A4	32.9233163579	0	0.0
expt03_F41D2	33.6229284572	0	0.0
expt05_F42D2	33.1006684509	0	0.0
expt05_F42G3	33.3530177661	0	0.0
expt05_F42E3	33.3256226562	0	0.0
expt10_C5	33.9055584351	0	0.0
expt06_F43D3	28.4881783097	0	0.0
expt11_G1H11	32.8063159528	0	0.0
expt02_F37D5	34.2250163315	0	0.0
expt05_F42D4	33.121471033	0	0.0
expt11_G1F3	32.9086065332	0	0.0
expt11_G1B10	32.847687444	0	0.0
expt02_F37F1	27.6266935818	0	0.0
expt04_F40D6	25.675477916	0	0.0
expt01_F38A2	34.3777737715	0	0.0
expt02_F37D3	34.2381935311	0	0.0
expt04_F40C1	33.6687557112	0	0.0
expt09_A2-2	33.442387378	0	0.0
expt02_F37B1	34.3786181196	0	0.0
expt07_H2	33.6891771278	0	0.0
expt04_F40A2	31.0905513594	0	0.0
expt11_G1G3	32.8499437383	0	0.0
expt06_F43E3	31.5341454277	0	0.0
expt03_F41A3	33.858096828	0	0.0
expt05_F42C2	33.4243521236	0	0.0
expt10_A1	33.8995806444	0	0.0
expt01_F38E7	34.3920509478	0	0.0
expt08_C2-1	33.4674727846	0	0.0
expt02_F37B5	28.3754946662	0	0.0
expt11_G1F7	33.0047814865	0	0.0
expt08_F4-1	33.4862213101	0	0.0
expt03_F41G1	33.7726878934	0	0.0
expt08_H5-1	33.4720682575	0	0.0
expt08_D4-1	33.542194092	0	0.0
expt04_F40G3	33.7026228097	0	0.0
expt10_D4	33.8278185746	0	0.0
expt01_F38H2	34.3864742444	0	0.0
expt09_D3-2	33.4909362271	0	0.0
expt04_F40A1	33.580287927	0	0.0
expt01_F38F4	34.3824611133	0	0.0
expt10_B4	33.9361022501	0	0.0
expt10_E2	33.8649394873	0	0.0
expt08_F5-1	33.5981201372	0	0.0
expt02_F37A4	34.3846358713	0	0.0
expt03_F41G3	33.6387548423	0	0.0
expt01_F38A9	34.4747437071	0	0.0
expt02_F37C2	33.8568779583	0	0.0
expt09_E3-2	33.5087215122	0	0.0
expt04_F40B3	33.7620655841	0	0.0
expt10_B3	33.867334767	0	0.0
expt11_G1B5	32.9501986101	0	0.0
expt07_A3	33.8090206109	0	0.0
expt01_F38D8	34.3428071126	0	0.0
expt06_F43F1	33.3874157971	0	0.0
expt07_G1	33.6466922858	0	0.0
expt11_G1C6	32.8262727482	0	0.0
expt06_F43B3	32.2462013077	0	0.0
expt04_F40C3	33.7220233944	0	0.0
expt11_G1C8	32.8089829594	0	0.0
expt11_G1G10	32.9610757289	0	0.0
expt04_F40G6	32.7129351421	0	0.0
expt01_F38A8	34.4511660275	0	0.0
expt02_F37A1	34.3424863144	0	0.0
expt09_B3-2	33.4988853667	0	0.0
expt11_G1F4	32.8976874536	0	0.0
expt07_C3	33.8734104668	0	0.0
expt08_B5-1	33.682936639	0	0.0
expt11_G1A2	32.9598080304	0	0.0
expt08_B4-1	33.6051367979	0	0.0
expt04_F40B5	33.7759834668	0	0.0
expt10_H3	33.9630813674	0	0.0
expt10_H5	33.9129693577	0	0.0
expt11_G1A10	32.7041850213	0	0.0
expt07_G2	33.6966018655	0	0.0
expt01_F38C6	34.3614681101	0	0.0
expt02_F37D1	34.3250805449	0	0.0
expt01_F38D5	34.2805590047	0	0.0
expt05_F42A2	33.3147933084	0	0.0
expt06_F43A3	33.4088003296	0	0.0
expt09_C2-2	33.4094965335	0	0.0
expt10_G5	33.9181174447	0	0.0
expt05_F42G1	33.4226789434	0	0.0
expt04_F40B6	33.7578020826	0	0.0
expt10_H1	33.9541688475	0	0.0
expt04_F40C6	33.721460783	0	0.0
expt11_G1D11	32.9008377108	0	0.0
expt10_A2	33.8463575473	0	0.0
expt04_F40A4	33.6927801378	0	0.0
expt10_F6	33.929144552	0	0.0
expt04_F40G5	33.6781882666	0	0.0
expt01_F38E1	34.3217995798	0	0.0
expt04_F40D4	33.476738629	0	0.0
expt11_G1C10	32.8301266116	0	0.0
expt01_F38D3	34.268019406	0	0.0
expt11_G1D7	32.9840560792	0	0.0
expt01_F38D6	34.2060378993	0	0.0
expt08_B6-1	33.6433423273	0	0.0
expt01_F38F7	34.4601802925	0	0.0
expt06_F43E2	33.2546616338	0	0.0
expt10_C4	33.9402906239	0	0.0
expt09_C3-2	33.4106588059	0	0.0
expt10_D2	33.7674038816	0	0.0
expt01_F38F1	34.3728019663	0	0.0
expt11_G1B9	32.9138885823	0	0.0
expt01_F38C8	34.4662702066	0	0.0
expt02_F37D2	33.6210934165	0	0.0
expt02_F37F5	27.6972753401	0	0.0
expt02_F37G1	34.4012019413	0	0.0
expt09_E2-2	33.4408530218	0	0.0
expt11_G1A8	32.8765426481	0	0.0
expt11_G1D10	32.9262739912	0	0.0
expt02_F37E2	33.7158880291	0	0.0
expt11_G1A5	32.9279623269	0	0.0
expt01_F38D4	34.2571991295	0	0.0
expt01_F38H1	34.3930028171	0	0.0
expt11_G1E1	32.9505994603	0	0.0
expt01_F38C5	34.4206303683	0	0.0
expt11_G1D4	32.9697222793	0	0.0
expt03_F41D3	33.7774979544	0	0.0
expt09_B4-2	33.5213529497	0	0.0
expt04_F40C5	33.7613150746	0	0.0
expt11_G1E3	32.9796426334	0	0.0
expt11_G1A12	32.8944936942	0	0.0
expt08_A4-1	33.6055718495	0	0.0
expt11_G1B2	32.9712480748	0	0.0
expt05_F42A1	33.311541604	0	0.0
expt09_F2-2	33.4000006608	0	0.0
expt05_F42C3	33.3898439139	0	0.0
expt04_F40B4	33.7341619516	0	0.0
expt09_B2-2	33.4378486341	0	0.0
expt01_F38H5	34.4610317967	0	0.0
expt11_G1B12	32.914777151	0	0.0
expt02_F37D6	33.6993667977	0	0.0
expt08_A3-1	33.5320163862	0	0.0
expt08_G4-1	33.5058045336	0	0.0
expt02_F37H1	34.383034362	0	0.0
expt11_G1D9	32.9425008597	0	0.0
expt03_F41E4	33.8655230385	0	0.0
expt10_D5	33.7621600305	0	0.0
expt08_B2-1	33.5104692282	0	0.0
expt09_F1-2	33.4397908036	0	0.0
expt07_B4	33.8214988629	0	0.0
expt10_A4	33.9022621261	0	0.0
expt11_G1G11	32.8985039866	0	0.0
expt04_F40E5	33.7390656884	0	0.0
expt09_H2-2	33.3651536458	0	0.0
expt11_G1C4	32.5927560963	0	0.0
expt06_F43B1	33.4436910553	0	0.0
expt11_G1H9	32.7995366274	0	0.0
expt02_F37C6	34.314414927	0	0.0
expt03_F41B1	33.8049356976	0	0.0
expt01_F38C2	34.3992040634	0	0.0
expt10_G2	33.9068238442	0	0.0
expt01_F38C1	34.3783455319	0	0.0
expt11_G1C7	32.8805356448	0	0.0
expt02_F37H5	34.3154623384	0	0.0
expt08_H3-1	33.4064935672	0	0.0
expt09_H3-2	33.4688820822	0	0.0
expt03_F41D1	33.5537425272	0	0.0
expt06_F43F2	33.2963334407	0	0.0
expt01_F38A4	34.3529251743	0	0.0
expt05_F42C4	33.3987716041	0	0.0
expt07_B1	33.6750402781	0	0.0
expt11_G1A9	32.9202248728	0	0.0
expt11_G1D8	32.912356172	0	0.0
expt01_F38D1	34.29071021	0	0.0
expt05_F42E1	33.3225080471	0	0.0
expt04_F40F3	33.719489206	0	0.0
expt09_C1-2	33.3541848173	0	0.0
expt11_G1C3	32.8118471314	0	0.0
expt04_F40D5	33.5976174666	0	0.0
expt02_F37E4	33.7201819248	0	0.0
expt02_F37C5	34.3983332737	0	0.0
expt10_H6	33.9566834646	0	0.0
expt09_C4-2	33.5160752531	0	0.0
expt08_E4-1	32.7540263026	0	0.0
expt10_F4	33.9422604086	0	0.0
expt11_G1F11	32.8913615472	0	0.0
expt11_G1F1	32.7555593159	0	0.0
expt03_F41F3	33.7713129525	0	0.0
expt08_F2-1	33.4884173075	0	0.0
expt09_G3-2	33.4959752118	0	0.0
expt05_F42B1	33.3459609828	0	0.0
expt01_F38G2	34.3538065153	0	0.0
expt10_C3	33.9075630909	0	0.0
expt04_F40G4	33.2738544289	0	0.0
expt11_G1B8	32.8010069387	0	0.0
expt01_F38A7	34.4320624456	0	0.0
expt06_F43B2	33.3144811685	0	0.0
expt01_F38B6	34.3748330012	0	0.0
expt11_G1D12	30.9244054212	0	0.0
expt11_G1H6	32.8450860555	0	0.0
expt08_E3-1	33.4754167184	0	0.0
expt04_F40F6	33.698631635	0	0.0
expt11_G1A7	32.8868914503	0	0.0
expt01_F38E3	34.3760282523	0	0.0
expt11_G1F2	32.9752785499	0	0.0
expt10_F3	33.870254358	0	0.0
expt07_G3	33.8139032919	0	0.0
expt10_D1	33.7956651281	0	0.0
expt01_F38G1	34.4035488803	0	0.0
expt08_B3-1	33.5371471311	0	0.0
expt07_E2	33.6643389947	0	0.0
expt04_F40E3	33.6959902022	0	0.0
expt11_G1G9	32.8959623229	0	0.0
expt10_C1	33.9374353634	0	0.0
expt08_C3-1	33.4057668674	0	0.0
expt03_F41C3	33.8115168228	0	0.0
expt01_F38B5	34.4065712614	0	0.0
expt01_F38C4	34.3488607076	0	0.0
expt07_H3	33.8516312066	0	0.0
expt11_G1C9	32.79203906	0	0.0
expt11_G1E10	32.9267205957	0	0.0
expt03_F41B3	33.8731875047	0	0.0
expt07_B3	33.763266987	0	0.0
expt11_G1C5	32.8050989385	0	0.0
expt11_G1E6	32.9115081755	0	0.0
expt03_F41C2	33.8525535817	0	0.0
expt10_F5	33.9023892181	0	0.0
expt08_C4-1	33.3781295186	0	0.0
expt01_F38A5	34.4207354475	0	0.0
expt10_C2	33.9139858182	0	0.0
expt10_E3	33.8668059422	0	0.0
expt04_F40A6	27.2184253552	0	0.0
expt05_F42E2	33.302850965	0	0.0
expt02_F37A5	34.4586886938	0	0.0
expt11_G1G7	32.887039236	0	0.0
expt11_G1H10	32.5683919179	0	0.0
expt04_F40A5	33.7543177957	0	0.0
expt07_E3	33.8295500944	0	0.0
expt11_G1F9	32.9299685146	0	0.0
expt09_A1-2	33.386241041	0	0.0
expt01_F38B3	34.3311833847	0	0.0
expt10_D6	33.8003331229	0	0.0
expt09_A3-2	33.4737637562	0	0.0
expt01_F38E4	34.2827195952	0	0.0
expt10_H4	33.9710031469	0	0.0
expt05_F42D3	33.1361806061	0	0.0
expt02_F37C3	34.4376578672	0	0.0
expt03_F41C1	33.7722241739	0	0.0
expt11_G1H3	32.7670139569	0	0.0
expt11_G1E2	32.9734538411	0	0.0
expt01_F38D2	34.1378833217	0	0.0
expt11_G1H8	32.8385889821	0	0.0
expt06_F43C2	33.3451719583	0	0.0
expt05_F42H1	33.2417759653	0	0.0
expt03_F41B4	33.8687196546	0	0.0
expt04_F40F4	33.7333360469	0	0.0
expt01_F38C3	34.3802050861	0	0.0
expt05_F42E4	33.1788060335	0	0.0
expt04_F40D2	32.7921952896	0	0.0
expt01_F38H7	34.4410795771	0	0.0
expt07_H1	33.6429643279	0	0.0
expt09_D1-2	33.4838300856	0	0.0
expt02_F37B3	34.3410885163	0	0.0
expt08_C6-1	33.5876954965	0	0.0
expt09_D2-2	33.4597354656	0	0.0
expt08_G2-1	33.4386549884	0	0.0
expt07_F4	33.8954605746	0	0.0
expt04_F40G1	33.5461968093	0	0.0
expt02_F37C4	34.3150086693	0	0.0
expt04_F40D3	33.5084127074	0	0.0
expt09_D4-2	33.4273367709	0	0.0
expt11_G1B4	32.9297334249	0	0.0
expt07_D4	33.7705737353	0	0.0
expt11_G1F12	30.866089153	0	0.0
expt03_F41A4	33.8408574728	0	0.0
expt11_G1B11	32.8626848117	0	0.0
expt08_H4-1	33.4570289009	0	0.0
expt03_F41E2	33.7385496348	0	0.0
expt08_C5-1	33.544641017	0	0.0
expt02_F37G5	34.1692534191	0	0.0
expt08_G5-1	33.5302530899	0	0.0
expt02_F37B6	34.4149441991	0	0.0
expt01_F38F5	34.385581318	0	0.0
expt01_F38G8	34.4030494891	0	0.0
expt07_F2	33.6963265464	0	0.0
expt02_F37A3	34.3777906579	0	0.0
expt02_F37D4	33.6686614592	0	0.0
expt08_D5-1	33.6083039027	0	0.0
expt11_G1A6	32.8352025294	0	0.0
expt11_G1E8	32.95451848	0	0.0
expt01_F38B4	34.3647943888	0	0.0
expt09_G2-2	33.3221766426	0	0.0
expt01_F38E2	34.3537798926	0	0.0
expt03_F41F1	33.6739481907	0	0.0
expt10_G4	33.9408780948	0	0.0
expt04_F40E6	33.7065804305	0	0.0
expt04_F40F2	33.7056179326	0	0.0
expt11_G1E12	32.9599724472	0	0.0
expt11_G1G6	32.859896762	0	0.0
expt02_F37H3	34.3670879298	0	0.0
expt02_F37E6	33.6935492645	0	0.0
expt11_G1A1	32.8835067235	0	0.0
expt05_F42H3	33.3856395503	0	0.0
expt01_F38B7	34.3902344368	0	0.0
expt09_G1-2	33.4476827776	0	0.0
expt02_F37E5	34.3525460963	0	0.0
expt08_A2-1	33.4433078477	0	0.0
expt01_F38D9	34.3699419109	0	0.0
expt07_A2	33.7909169998	0	0.0
expt06_F43F3	31.3265715027	0	0.0
expt11_G1C12	30.7574764428	0	0.0
expt09_B1-2	33.4205622131	0	0.0
expt03_F41H1	33.8208982721	0	0.0
expt11_G1B7	32.9395091719	0	0.0
expt11_G1B1	32.9481447391	0	0.0
expt11_G1H1	32.862583211	0	0.0
expt04_F40C2	33.7052453032	0	0.0
expt11_G1G8	32.9055607662	0	0.0
expt11_G1G4	32.9095047943	0	0.0
expt11_G1H7	32.8063534659	0	0.0
expt11_G1C11	32.8199494102	0	0.0
expt10_B6	33.9286958716	0	0.0
expt07_A1	33.6186365451	0	0.0
expt10_E5	33.8767911509	0	0.0
expt02_F37B4	34.3991671267	0	0.0
expt01_F38E8	34.3073773286	0	0.0
expt09_F3-2	33.3967589868	0	0.0
expt01_F38E5	34.3375807169	0	0.0
expt11_G1G5	32.9115179334	0	0.0
expt01_F38A1	34.4122254611	0	0.0
expt03_F41B2	33.7347009343	0	0.0
expt06_F43D1	33.146916494	0	0.0
expt06_F43C1	33.4080127463	0	0.0
expt04_F40B2	25.638919076	0	0.0
expt01_F38A3	34.3806440965	0	0.0
expt08_D2-1	33.4954440093	0	0.0
expt08_E5-1	33.5687835557	0	0.0
expt01_F38F2	34.3129527851	0	0.0
expt10_E6	33.9166858258	0	0.0
expt02_F37C1	34.4382013252	0	0.0
expt11_G1D3	32.9062669609	0	0.0
expt04_F40A3	33.6911685778	0	0.0
expt11_G1F10	32.9825402213	0	0.0
expt10_G1	33.9407772125	0	0.0
expt11_G1B6	32.9159437853	0	0.0
expt08_D3-1	33.4834213872	0	0.0
expt07_F3	33.8414749939	0	0.0
expt04_F40C4	33.7465510342	0	0.0
expt03_F41C4	33.8532949397	0	0.0
expt07_E1	33.624239937	0	0.0
expt08_E2-1	33.4911137627	0	0.0
expt10_B5	33.8975864653	0	0.0
expt03_F41H3	33.8083989513	0	0.0
expt10_E4	33.9113306879	0	0.0
expt05_F42B3	33.361049016	0	0.0
expt05_F42F1	33.3274395175	0	0.0
