Sample	Genome_coverage	Positive_chromosomes	Proportion_with_neighbours
expt11_G1E2	0.143745782107	14	0.865686874872
expt03_F41E2	0.000249405827294	9	0.117647058824
expt09_H1-2	0.306329039641	18	0.923084291188
expt04_F40A4	0.00360904903025	1	0.0894308943089
expt01_F38A1	0.000396115137467	1	0.0
expt11_G1D10	0.00937472492004	1	0.112676056338
expt02_F37D4	0.123426542648	13	0.566028765007
expt05_F42F3	0.191866435844	14	0.88423306316
expt11_G1F9	0.220166661776	15	0.860398480709
expt10_E4	0.00529620609724	17	0.0443213296399
expt04_F40D1	0.0723717027083	11	0.812284613825
expt01_F38E4	0.168789061354	15	0.783050847458
expt08_D4-1	0.177034124586	14	0.830529543383
expt06_F43C2	0.227120683079	16	0.888508494283
expt01_F38C9	0.00591238519996	1	0.124069478908
expt01_F38C1	0.154881018749	13	0.878185090461
expt01_F38H1	0.153854053578	15	0.91446552875
expt10_C1	0.132610545465	13	0.859055205222
expt05_F42E4	0.286112496699	17	0.915085632243
expt07_H2	0.0315865144802	17	0.215513237343
expt11_G1G8	0.000660191895778	16	0.0
expt11_G1E9	0.204688829553	13	0.896645642202
expt03_F41C4	0.115768316657	12	0.800532251933
expt02_F37E4	0.218640884951	16	0.831980138227
expt08_F4-1	0.224758663185	15	0.827023498695
expt07_C3	0.159179601538	13	0.850046082949
expt02_F37D6	0.254804729908	14	0.837229387379
expt11_G1H1	0.108359496494	13	0.910912537233
expt02_F37D5	0.187069041401	13	0.849423574622
expt06_F43E3	0.115797658519	11	0.798175598632
expt11_G1G5	0.195607523253	16	0.876321908048
expt08_F3-1	0.0541504063848	9	0.400975345435
expt10_G2	0.0400076288841	6	0.747708104144
expt09_F1-2	0.163918312256	12	0.906112950864
expt10_E6	0.115621607347	13	0.870321025251
expt01_F38A5	0.036530618233	5	0.397991967871
expt07_A2	0.000953610516123	13	0.0
expt03_F41B2	0.1087409407	11	0.819347004857
expt11_G1C12	1.46709310173e-05	1	0.0
expt10_H4	0.00600041078607	1	0.039119804401
expt08_H2-1	0.0536956075233	8	0.359016393443
expt10_E1	0.248730964467	17	0.903798513625
expt03_F41D4	0.165664153047	13	0.807562876373
expt09_E2-2	0.261582700038	18	0.864722378015
expt05_F42C1	0.0996009506763	12	0.747827367801
expt01_F38E7	0.0432058918459	8	0.303565365025
expt11_G1E10	0.0364425926469	6	0.332125603865
expt11_G1C5	0.175625715208	12	0.843455016289
expt11_G1G7	0.251283706464	14	0.893040635217
expt11_G1C6	0.000748217481881	15	0.0
expt03_F41A2	0.175390980312	15	0.79774153074
expt11_G1G3	0.0810422229395	12	0.51339608979
expt10_D2	0.0158446054987	1	0.14537037037
expt05_F42E3	0.325254540653	16	0.917952187641
expt02_F37D1	0.0938939585106	12	0.5175
expt03_F41E4	0.205994542414	14	0.821665123567
expt09_D3-2	0.11306886535	16	0.642662514597
expt11_G1B6	0.0674129280244	9	0.699455930359
expt11_G1A3	0.247439922537	14	0.898553302502
expt10_B2	0.209046096065	16	0.891992420521
expt11_G1D6	0.0783134297703	9	0.824466092169
expt11_G1D4	0.247938734192	16	0.871656804734
expt08_A5-1	0.0507174085267	8	0.479028059011
expt02_F37A5	0.00657257709574	1	0.401785714286
expt04_F40G5	0.0641559813386	11	0.751657900755
expt09_D4-2	0.0012763709985	14	0.0459770114943
expt01_F38C6	0.10975323494	13	0.618901216415
expt10_G4	0.00556028285555	1	0.0474934036939
expt11_G1C1	0.210806607787	12	0.886839724407
expt11_G1A1	0.000293418620346	13	0.0
expt11_G1E5	0.106951087116	15	0.858847736626
expt05_F42A1	0.124864293888	13	0.773234637528
expt01_F38A7	0.00872920395528	1	0.114285714286
expt01_F38G5	0.000249405827294	11	0.0
expt03_F41C1	0.0355770077169	8	0.749278350515
expt11_G1A5	0.000733546550864	13	0.0
expt01_F38G8	0.021258179044	3	0.193926846101
expt05_F42B4	0.297687861272	18	0.906362426692
expt03_F41G1	0.106173527772	12	0.872184606881
expt07_E3	0.187905284469	14	0.887570268582
expt08_G4-1	0.142366714592	15	0.780193734542
expt03_F41C2	0.365218156744	19	0.896119546879
expt08_C4-1	0.124864293888	15	0.694982963224
expt07_D1	0.0234441477656	4	0.255944931164
expt05_F42B2	0.224802675978	16	0.890295634014
expt10_H1	0.326442886066	17	0.91829580693
expt10_D4	0.00561896657962	19	0.0522193211488
expt11_G1F2	0.141662509903	13	0.842170671085
expt07_H1	0.0680437780582	15	0.541828374299
expt06_F43F3	0.185059123852	16	0.759632154749
expt04_F40C6	0.18012969103	14	0.762909268611
expt04_F40F4	0.169874710249	15	0.653510665861
expt03_F41F3	0.132713241982	14	0.845346009286
expt09_A2-2	0.280449517326	18	0.892916928228
expt06_F43C3	0.0962999911974	16	0.820231566118
expt11_G1D8	0.000498811654588	14	0.0
expt11_G1B5	0.141178369179	13	0.77823963421
expt02_F37C5	0.0630116487192	10	0.809545983702
expt10_B1	0.0626742173058	6	0.879915730337
expt03_F41H3	0.163698248291	14	0.837963792794
expt01_F38D7	0.0379683694727	7	0.419629057187
expt08_C5-1	0.153311229131	15	0.774258373206
expt03_F41D3	0.00352102344415	1	0.325
expt11_G1G11	0.231712684487	14	0.87786501203
expt11_G1F11	0.000425456999501	14	0.0
expt01_F38G2	0.312358792289	18	0.873279789582
expt04_F40D6	0.0258501804525	7	0.466515323496
expt03_F41H1	0.126932895162	13	0.711627369394
expt05_F42E2	0.0733399841554	9	0.840968193639
expt10_H2	0.00291951527244	1	0.0402010050251
expt05_F42D4	0.288049059593	16	0.915860242437
expt08_B2-1	0.0260262316247	3	0.220969560316
expt08_F2-1	0.0238696047651	16	0.148125384143
expt04_F40C1	0.105014524222	13	0.791561888796
expt07_F4	0.183415979578	13	0.83906574948
expt01_F38B3	0.226944631906	16	0.928372874782
expt02_F37B4	0.0418855080543	8	0.313485113835
expt03_F41D2	0.118145007482	13	0.755122314665
expt01_F38B4	0.13484052698	11	0.758894570776
expt01_F38D5	0.117264751621	11	0.690604278744
expt04_F40A5	0.0276253631055	7	0.454062665959
expt11_G1H7	0.127373023092	13	0.871688551025
expt09_E1-2	0.195534168598	15	0.851890756303
expt07_E2	0.0476365130131	8	0.224206960271
expt01_F38F8	0.149658167307	15	0.655033820214
expt11_G1A9	0.270854728441	16	0.897952551186
expt03_F41C3	0.112716763006	13	0.721593127684
expt04_F40D4	0.0586250403451	9	0.659409409409
expt07_G1	0.0198791115284	2	0.185977859779
expt04_F40D2	0.20810715648	19	0.62326401128
expt08_C3-1	0.131436870984	12	0.627971871861
expt03_F41G3	0.141779877351	13	0.836506622517
expt06_F43A1	0.0841524603151	11	0.708856345886
expt09_B3-2	0.159032892227	13	0.709225092251
expt01_F38A4	0.0023766908248	13	0.0493827160494
expt04_F40A3	0.123749303131	13	0.826911677534
expt01_F38F1	0.150347701065	13	0.839480874317
expt01_F38B8	0.00696869223321	1	0.128421052632
expt01_F38G4	0.0936005398903	12	0.613479623824
expt08_F5-1	0.1851764913	17	0.784661701791
expt04_F40F5	0.0955957865086	11	0.798956414979
expt01_F38D9	0.00949209236818	1	0.160741885626
expt04_F40E1	0.096754790059	12	0.755724033359
expt02_F37E5	0.281564508084	17	0.872759483118
expt04_F40E6	0.0412253161586	7	0.754804270463
expt07_E4	0.239899063995	13	0.865582191781
expt04_F40A6	0.00159913148088	1	0.0550458715596
expt10_B6	0.178002406033	15	0.883705596308
expt09_F2-2	0.184413602887	16	0.876849642005
expt05_F42G1	0.112423344385	13	0.780112227587
expt04_F40B6	2.93418620346e-05	2	0.0
expt11_G1H10	0.00107097796426	1	0.13698630137
expt01_F38H2	0.238901440685	13	0.922377794154
expt04_F40C4	0.108418180218	13	0.778349120433
expt01_F38E6	0.0391127020921	8	0.403975993998
expt03_F41A1	0.246383615504	16	0.891568417292
expt01_F38A6	0.0480179572196	9	0.446379468378
expt10_F5	0.173410404624	13	0.893908629442
expt04_F40B4	0.152342947683	11	0.790061633282
expt04_F40C5	0.114491945659	10	0.794848795489
expt01_F38A9	0.0340952436842	6	0.300344234079
expt11_G1G4	0.0400663126082	7	0.320029293299
expt07_D2	0.061984683548	9	0.348402366864
expt06_F43D2	0.171371145213	13	0.920725965243
expt02_F37E3	0.320369120624	18	0.745386271008
expt01_F38D2	0.19628238608	14	0.90372972569
expt02_F37D3	0.198072239664	16	0.867491296941
expt11_G1E8	0.0867198732432	10	0.859076298427
expt02_F37B5	0.0446143012236	8	0.471226570207
expt10_E5	0.166397699598	14	0.898959619115
expt11_G1B2	0.00274346410023	1	0.0427807486631
expt10_A5	0.213021918371	15	0.917286501377
expt01_F38B7	0.113905108418	11	0.582174137043
expt08_H4-1	0.269505002787	18	0.857267283615
expt09_D1-2	0.211056013615	15	0.872862505213
expt10_A2	0.127329010299	13	0.847563083305
expt04_F40B1	0.109621196561	11	0.724437901499
expt06_F43D1	0.279393210293	13	0.924123083386
expt02_F37A6	0.141281065696	14	0.834475597092
expt07_G2	0.0198791115284	3	0.132841328413
expt02_F37E6	0.188096006573	14	0.861633257936
expt07_C2	0.00344766878906	17	0.0425531914894
expt08_C2-1	0.0851500836243	12	0.583735354928
expt11_G1D12	5.86837240691e-05	4	0.0
expt04_F40E2	4.40127930518e-05	3	0.0
expt03_F41D1	0.162348522637	14	0.866076269655
expt09_H3-2	0.255024793873	16	0.90916412587
expt09_C4-2	0.352615827	17	0.915997503641
expt10_H6	0.196091663977	14	0.899446356427
expt04_F40F6	0.0407998591591	8	0.431139877742
expt10_B4	0.00648455150964	19	0.0588235294118
expt02_F37G5	0.151007892961	16	0.872146118721
expt11_G1A2	0.00906663536868	1	0.0906148867314
expt10_F2	0.249801942431	17	0.922064955659
expt06_F43B1	0.0751151668085	11	0.821484375
expt01_F38E8	0.169243860215	14	0.785540915395
expt05_F42A4	0.114477274728	12	0.76124567474
expt03_F41B3	0.248892344708	18	0.865193044503
expt11_G1G2	0.191206243948	16	0.879996930868
expt05_F42B3	0.122047475133	11	0.792042312778
expt10_C3	0.005090813063	1	0.0432276657061
expt09_A4-2	0.0830814823509	11	0.516157513685
expt01_F38H5	0.0512602329744	8	0.348597595879
expt02_F37G1	0.163492855257	10	0.847272074659
expt10_C4	0.0095067632992	1	0.0632716049383
expt04_F40G1	0.142205334351	12	0.818632002476
expt09_C3-2	0.0553534227282	10	0.499602438378
expt11_G1E3	0.107802001115	14	0.686037016875
expt04_F40G6	0.0871746721047	11	0.722484012117
expt11_G1B10	0.00070420468883	12	0.0416666666667
expt11_G1B4	0.105087878877	12	0.824794080692
expt08_C6-1	0.121974120478	13	0.679576617753
expt01_F38B1	0.281007012705	18	0.915787824997
expt11_G1B7	0.000762888412899	15	0.0384615384615
expt02_F37A2	0.17031483818	14	0.711430786459
expt01_F38G7	0.09085707579	15	0.493137413208
expt01_F38B5	0.0817024148352	12	0.521996767822
expt01_F38A2	0.221340336258	14	0.91025386094
expt05_F42A2	0.0827000381444	9	0.77683164804
expt04_F40G3	0.132742583844	13	0.809018567639
expt08_G5-1	0.0965934098178	10	0.715978128797
expt02_F37B6	0.149878231273	15	0.547474549726
expt11_G1E1	0.193069452187	14	0.857750759878
expt02_F37A3	0.13701182477	16	0.650283756291
expt04_F40B3	0.142616120419	14	0.783561362
expt04_F40F2	0.146635955518	13	0.846723361681
expt09_A1-2	0.0364132507849	6	0.400483481064
expt07_F3	0.268771456237	18	0.891593886463
expt05_F42F1	0.159854464364	13	0.819658590308
expt01_F38B9	0.108462193011	14	0.535100771
expt11_G1B9	0.143877820486	15	0.924951565209
expt11_G1H6	0.000381444206449	12	0.0
expt10_G1	0.157066987471	12	0.882308985616
expt05_F42C2	0.247439922537	18	0.733665362267
expt10_F4	0.00733546550864	1	0.05
expt11_G1H9	0.0375429124732	8	0.388042203986
expt11_G1A4	0.000586837240691	12	0.1
expt07_A3	0.147134767172	13	0.786618805464
expt10_A1	0.249479181949	15	0.932960893855
expt07_B3	0.0675596373346	12	0.493376764387
expt02_F37C1	0.0340072180981	5	0.411993097498
expt11_G1G9	0.242510489716	19	0.881548699335
expt02_F37C6	0.168260907837	14	0.857005841835
expt11_G1H8	0.20694815293	18	0.835601871544
expt11_G1A10	0.00396115137467	17	0.0444444444444
expt09_B4-2	0.122531615856	15	0.649305555556
expt10_H5	0.123382529855	14	0.869084423306
expt11_G1G1	0.202370822452	14	0.864071335363
expt10_D6	0.191147560224	14	0.890014582854
expt09_G2-2	0.000528153516622	16	0.0555555555556
expt01_F38C8	0.00880255861037	1	0.108333333333
expt05_F42C4	0.392359379126	19	0.802236015555
expt06_F43C1	0.184281564508	10	0.884483719449
expt07_F1	0.0222998151463	2	0.207236842105
expt02_F37C3	0.175537689622	15	0.834517342248
expt05_F42D2	0.121666030926	12	0.846014711202
expt03_F41F1	0.316760071594	18	0.874670001389
expt08_H3-1	0.0118394413309	16	0.101610904585
expt02_F37B2	0.153281887269	13	0.77306661562
expt01_F38H4	0.000249405827294	10	0.117647058824
expt01_F38D3	0.273774243714	18	0.928353250094
expt11_G1G12	0.00462134327044	1	0.0571428571429
expt10_F3	0.00350635251313	1	0.0334728033473
expt05_F42D3	0.392960887298	16	0.926563375023
expt10_E2	0.155409172266	12	0.881336731804
expt01_F38C5	0.0832575335231	12	0.704140969163
expt11_G1D9	0.000396115137467	13	0.0
expt11_G1D11	0.193802998738	14	0.893565480696
expt11_G1B11	0.107904697632	11	0.581917063222
expt07_F2	0.0225345500425	3	0.118489583333
expt04_F40A2	0.123631935683	12	0.75281832206
expt11_G1A7	0.000616179102726	14	0.047619047619
expt07_D3	0.117294093483	10	0.84277673546
expt01_F38C7	0.0632903964086	11	0.507417709782
expt10_G3	0.00372641647839	1	0.0314960629921
expt04_F40G2	0.191059534638	16	0.845043384781
expt08_G2-1	0.0706552037792	11	0.46200166113
expt09_F3-2	0.00268478037616	16	0.0546448087432
expt04_F40D3	0.0850767289692	10	0.774961200207
expt01_F38C3	0.285232240838	15	0.934677502315
expt11_G1G10	0.31497021801	19	0.875541478411
expt08_D2-1	0.0669728000939	12	0.551150054765
expt11_G1H2	0.000513482585605	15	0.0571428571429
expt08_E2-1	0.0448490361198	9	0.323519790644
expt05_F42E1	0.163771602946	13	0.828899041476
expt01_F38E3	0.198174936181	13	0.888732602902
expt09_A3-2	0.0953610516123	13	0.531692307692
expt07_B2	0.0156685543265	1	0.120786516854
expt08_D5-1	0.280581555706	16	0.84062745098
expt08_G3-1	0.107508582495	13	0.538346069869
expt07_D4	0.111146973387	11	0.733104540655
expt11_G1F12	4.40127930518e-05	3	0.0
expt09_G3-2	0.189122971744	16	0.772399348383
expt04_F40F3	0.120301634342	13	0.802926829268
expt05_F42H3	0.214899797541	17	0.910704533042
expt07_G3	0.129338927848	15	0.834392014519
expt02_F37E2	0.14263079135	13	0.732462456285
expt11_G1G6	0.000748217481881	15	0.0
expt03_F41B1	0.163815615739	11	0.86763388859
expt08_B4-1	0.197558757079	15	0.786796376058
expt04_F40E3	0.184002816819	14	0.862222930952
expt01_F38G1	0.140444822628	11	0.899926877677
expt09_H2-2	0.112907485109	13	0.607068607069
expt01_F38E1	0.12950030809	13	0.878667724029
expt06_F43D3	0.0167101904287	2	0.168568920105
expt11_G1C11	0.000542824447639	17	0.0
expt07_A1	4.40127930518e-05	3	0.0
expt11_G1E7	0.0934685015111	11	0.792183330717
expt02_F37C2	0.000762888412899	10	0.0
expt08_E3-1	0.0906370118248	11	0.47701521528
expt10_C5	0.135500718876	11	0.910783889129
expt11_G1H11	0.0126170006749	1	0.170930232558
expt03_F41A4	0.0119861506411	1	0.165238678091
expt01_F38E5	0.104002229982	9	0.717590633376
expt11_G1C8	0.000630850033743	14	0.0
expt11_G1C10	0.000440127930518	13	0.0
expt04_F40C2	0.0881136116898	13	0.713786213786
expt09_B1-2	0.190839470673	15	0.819265067651
expt09_C1-2	0.0353716146827	5	0.397345499793
expt11_G1H5	0.162524573809	15	0.622314497202
expt11_G1H12	0.000513482585605	14	0.0
expt06_F43A2	0.0363545670608	8	0.440274414851
expt01_F38B2	0.423755171503	20	0.914727877025
expt08_B6-1	0.086587834864	11	0.517112843104
expt11_G1D5	0.123177136821	13	0.861362553597
expt07_A4	0.0181479416684	4	0.455133387227
expt11_G1D2	0.12128458672	14	0.551590661667
expt07_C1	0.0105337284704	13	0.16991643454
expt02_F37B3	0.218948974502	15	0.829134280354
expt09_E3-2	0.072122296881	10	0.512408462164
expt01_F38F5	0.0394794753675	8	0.744332961724
expt04_F40B5	0.122986414718	14	0.758558988429
expt09_B2-2	0.275226665884	14	0.912526652452
expt04_F40C3	0.0158592764297	1	0.287696577243
expt10_A3	0.00234734896277	19	0.025
expt06_F43F2	0.215193216161	13	0.884578674666
expt08_H5-1	0.166016255392	15	0.825468363379
expt11_G1A8	0.000513482585605	12	0.0571428571429
expt07_C4	1.46709310173e-05	1	0.0
expt11_G1A11	0.293756051759	17	0.917444938321
expt07_B1	0.0126023297438	1	0.151338766007
expt01_F38B6	0.0524339074558	5	0.509792949077
expt04_F40E4	0.15618673161	14	0.812323877513
expt08_E5-1	0.263533933863	18	0.844792072594
expt11_G1C2	0.106598984772	10	0.774841728599
expt11_G1F10	0.0240309850063	5	0.252747252747
expt10_E3	0.00487074909774	17	0.0602409638554
expt11_G1E12	0.0676476629207	10	0.786163522013
expt02_F37H3	0.172031337109	13	0.752942179771
expt10_B5	0.265529180482	17	0.917951268026
expt01_F38D8	0.0121181890203	1	0.116222760291
expt05_F42B1	0.312857603944	14	0.91488862837
expt11_G1F6	0.0729585399489	11	0.776392519606
expt11_G1F4	0.0818344532144	11	0.821979204016
expt03_F41E3	0.14392183328	16	0.872782874618
expt08_A3-1	0.108462193011	16	0.570269173543
expt05_F42H1	0.105616032393	10	0.859424920128
expt02_F37F5	0.00445996302925	1	0.0263157894737
expt11_G1C9	0.270502626097	18	0.865278229743
expt04_F40E5	0.122825034477	15	0.798375537506
expt04_F40A1	0.0530794284205	8	0.385572139303
expt01_F38H7	0.0432058918459	7	0.424108658744
expt11_G1B8	0.000454798861536	14	0.0
expt03_F41B4	0.154484903612	18	0.753561253561
expt01_F38E9	0.0279481235879	5	0.393175853018
expt02_F37H1	0.22035738388	16	0.79533954727
expt10_B3	0.00325694668584	1	0.0630630630631
expt08_A6-1	0.164358440187	14	0.8553066143
expt04_F40F1	0.0600627915848	10	0.803615046409
expt10_F6	0.146738652035	12	0.870325934813
expt04_F40G4	0.0859863266923	11	0.752090087016
expt05_F42C3	0.245151257299	16	0.900718132855
expt02_F37A4	0.0558082215897	7	0.432439537329
expt09_G1-2	0.208092485549	14	0.890792442188
expt01_F38D4	0.0756433203251	10	0.799844840962
expt08_B5-1	0.180423109651	14	0.730118718491
expt10_G6	0.274903905402	17	0.901803821112
expt11_G1E4	0.0680731199202	10	0.784267241379
expt11_G1F8	0.000528153516622	12	0.0
expt11_G1B1	0.000542824447639	13	0.0
expt11_G1C4	0.025424723453	3	0.372186959031
expt10_D3	0.00457733047739	20	0.0448717948718
expt10_A6	0.269211584167	16	0.91553133515
expt05_F42A3	0.241014054752	18	0.894509374239
expt10_A4	0.00814236671459	19	0.0738738738739
expt08_E4-1	0.111953874593	13	0.829380159874
expt02_F37F1	0.00648455150964	1	0.0294117647059
expt11_G1D1	0.171488512661	12	0.864316879117
expt06_F43B2	0.244799154954	15	0.904470813856
expt08_A4-1	0.000762888412899	1	0.0769230769231
expt11_G1E11	0.175126903553	15	0.832788807908
expt07_E1	0.0182066253924	4	0.156325543916
expt10_F1	0.271690971509	17	0.903666504671
expt02_F37E1	5.86837240691e-05	3	0.0
expt10_D1	0.248041430709	17	0.839829656355
expt03_F41A3	0.0230773744902	2	0.293706293706
expt11_G1A6	0.000733546550864	17	0.0
expt07_H3	0.203412458555	15	0.758456545258
expt11_G1E6	0.131759631466	13	0.756151876183
expt10_D5	0.452084739298	20	0.811650170372
expt02_F37B1	0.11680995276	12	0.747299673449
expt02_F37C4	0.156744226989	16	0.829558217896
expt01_F38C4	0.259792846454	18	0.881296589112
expt11_G1B12	0.000528153516622	14	0.0
expt11_G1C3	0.162260497051	14	0.847016274864
expt08_D3-1	0.0718728910537	9	0.548887528067
expt04_F40B2	0.000146709310173	8	0.0
expt11_G1A12	0.000689533757812	12	0.0
expt01_F38A8	0.0259235351075	2	0.222410865874
expt10_C2	0.209852997271	14	0.910444630872
expt06_F43F1	0.279848009155	16	0.891900393185
expt01_F38F2	0.225374842287	17	0.907433927874
expt03_F41E1	0.139799301664	16	0.809318921188
expt11_G1F7	0.135544731669	14	0.834614135729
expt01_F38D6	0.127534403333	15	0.628206603014
expt02_F37A1	0.106980428978	14	0.615606143719
expt01_F38D1	0.0858102755201	14	0.822191827663
expt10_G5	0.169434582319	16	0.910381851243
expt09_C2-2	0.255523605528	16	0.882184073032
expt11_G1F3	0.106217540565	11	0.881215469613
expt05_F42D1	0.209412869341	16	0.846714305731
expt11_G1D7	0.147853642792	13	0.872792220679
expt11_G1H4	0.000616179102726	14	0.0
expt11_G1B3	0.151095918547	14	0.861734148946
expt11_G1D3	0.186174114609	14	0.818991331757
expt02_F37H5	0.150861183651	15	0.75279587669
expt10_C6	0.275534755436	15	0.898141738992
expt01_F38E2	0.153531293096	13	0.898423315815
expt10_H3	0.00544291540741	20	0.0269541778976
expt04_F40D5	0.158284674745	13	0.819260357772
expt06_F43B3	0.167057891494	14	0.791780100114
expt05_F42G3	0.363883102022	18	0.930693867677
expt02_F37D2	0.299624424166	15	0.846888312197
expt08_A2-1	0.050922801561	14	0.360126764621
expt01_F38C2	0.191030192776	14	0.899393287766
expt01_F38H8	0.0387899416097	6	0.35552193646
expt08_B3-1	0.0708019130894	10	0.434314131786
expt11_G1H3	0.174158622106	14	0.887204110858
expt01_F38A3	0.371438631496	18	0.919898886168
expt07_B4	0.00369707461636	7	0.123015873016
expt09_D2-2	0.214180921921	15	0.845879854785
expt06_F43A3	0.00350635251313	1	0.100418410042
expt01_F38F4	0.0759807517385	9	0.818111604557
expt06_F43E2	0.256961356768	16	0.891121895518
expt11_G1F1	0.162319180775	15	0.876898047722
expt01_F38F7	0.00108564889528	15	0.027027027027
expt11_G1C7	0.283369032599	20	0.580274398136
expt11_G1F5	0.108770282562	8	0.847585648773
