Sample	Ecoli_screen_result	Human_screen_result	Mouse_screen_result	Rat_screen_result	Unmapped_screen_result	Yeast_screen_result
1np_f16f7	0.378750807415	8.60948540782	83.8830276576	19.7107009337	11.49	0.701716612187
1np_f8g3	0.39134368107	7.10009249942	35.6651317863	11.4211366247	62.68	5.01326502607
1np_f13b6	0.809892620978	5.83304685446	69.0572485895	17.2342318659	27.62	0.541950617783
1np_f13c6	2.07954871403	4.72894158141	87.8277081939	20.1137776078	9.45	0.59183478344
1np_f11a1	0.55121552527	6.94151413203	83.6545589325	17.6417479234	14.19	2.7655813423
1np_f17e2	1.51272394349	7.23693793046	84.0238040742	21.1094696103	12.56	1.20580952579
1np_f15f3	1.10659255323	33.0077246904	85.4906608902	41.5886704541	10.28	23.797359709
1np_f12a3	0.192081109714	23.455677779	18.781374073	6.88026614125	60.83	2.70002673294
1np_f12e4	0.168130020549	14.9488235815	77.6337911845	18.6820966109	13.24	2.92310263797
1np_f18f4	0.899866762324	12.5151173516	63.8208465717	16.3800348468	26.12	0.506303166957
1np_f10f5	0.119754601227	21.9641717791	77.7089570552	19.6868711656	5.0	0.810797546012
1np_f17e7	2.2270086551	7.06042761728	35.9581867763	9.96522151524	57.22	0.552306050666
1np_f9e6	0.570471098714	8.87087401209	81.3613823028	19.2817294282	16.75	5.14005113901
1np_f12c2	0.13619767015	12.0085775554	78.7106620559	16.9754457817	13.87	2.44383053532
1np_f7f6	0.0971946553171	4.12412269035	95.1893761126	20.922428434	4.4	0.535082155061
1np_f13e4	0.599717552379	2.11642258807	30.5178851251	8.78199299685	66.45	0.210868429707
1np_f8a6	0.161011507878	5.97619400405	84.3482985134	18.8353830197	14.51	2.3262705586
1np_f8b3	1.97493941113	48.0297014387	53.7709482803	48.3215593255	39.94	43.7621822307
1np_f15e6	2.81138506308	6.95919953758	79.9306372207	19.6488011002	15.26	1.0982440055
1np_f14c2	0.163588492663	1.84787238162	15.2737445309	6.21733070043	81.43	0.148100824718
1np_f9a6	0.689914701455	15.3098344205	70.0451580532	20.1580531862	23.17	6.84583542398
1np_f15g2	11.0691797004	5.90235089107	9.66655619581	3.54451084574	74.8	0.954147467901
1np_f8a2	0.275525621908	23.8759245909	60.471454953	17.6020382971	21.95	4.34915712861
1np_f5d1	0.734728831538	4.48233244777	91.6445274866	22.1459920786	6.72	0.62378964373
1np_f11f5	0.880231757222	7.58376889105	87.6949880475	19.9211944411	10.27	3.5259916535
1np_f14g5	1.3968032702	4.87327047876	86.4689981257	20.9190833655	11.17	0.489775927513
1np_f10f2	0.210778395709	6.73402339343	87.7491242306	20.6701367586	11.19	3.18740475389
1np_f9d6	0.35742454648	6.87992332345	81.9290941584	18.7997324308	16.6	3.00116811933
1np_f17f5	0.422036177334	6.69761598634	85.4485851973	19.1663313278	11.64	0.677220842698
1np_f15c2	0.427112718026	12.6504827367	26.0300369502	6.75831379872	62.6	0.245341491517
1np_f12d5	0.120121302824	21.3737150959	65.5370012997	18.2397306132	19.26	3.11330786499
1np_f6g1	0.217806950111	17.434411527	49.4609031597	12.650543039	35.42	0.465180454536
1np_f15c8	2.66440535089	5.77338003151	74.7197607555	17.1796441438	20.37	0.679398275914
1np_f8a1	1.2541024366	9.26106414719	77.3157633018	19.8050721034	19.95	5.37742416708
1np_f8g5	0.125271166244	5.92033568599	91.457117541	19.2408363633	7.78	2.55634656319
1np_f9f2	0.196972944286	5.68772133942	90.1768674158	19.0043170754	8.99	2.45552799976
1np_f17d5	0.306964053166	41.5641730574	21.1412448064	7.0436364388	40.17	0.422721541228
1np_f17e1	0.574729611369	5.57802643363	88.703217108	20.5534724888	9.52	0.732189778867
1np_f17f7	0.46623762179	9.20918926458	85.3932136524	20.6788340075	9.05	0.599733009225
1np_f12f3	0.192038041822	1.89193033795	2.33595480502	0.848422036619	96.04	0.440976244183
1np_f12f6	0.696380192287	10.196297057	84.3402482322	17.9787369306	9.81	2.30040198351
1np_f6c2	1.23064863806	6.12384871644	81.822457378	18.7291789144	14.83	1.40407603371
1np_f6f3	3.22597311345	12.5691021627	26.0991764572	19.3165731527	53.06	2.47062835178
1np_f15a2	1.81818181818	14.7271734273	15.7420187677	4.87959882826	69.36	0.349535772802
1np_f15b1	1.34281603624	6.43449690316	91.8971868208	21.0156831934	5.06	0.723447241411
1np_f7e3	8.62370306012	9.55921723932	16.9301799299	11.5413757918	64.7	3.8754129497
1np_f18e2	0.392585188925	43.8757740935	42.7701470391	12.3463405084	16.65	0.323547898484
1np_f16b4	1.39145805073	7.06827804497	77.7068689111	18.203025445	17.77	0.950589879558
1np_f7a3	0.133710307942	3.35602666041	53.5933369398	12.6851275351	45.48	0.599144662305
1np_f17g6	0.360754570206	24.228899261	55.7866588876	15.288798133	23.71	0.633022170362
water-control_f11h6	0.106632098352	32.123442335	5.39328426863	3.74257756962	65.29	1.56184661704
1np_f7b2	0.160372527993	4.20349921263	48.7204011245	10.9787554705	48.75	0.310117960757
1np_f6b2	0.466651722943	4.42402135594	92.0373728934	22.1353901331	6.7	0.606239683736
1np_f5e3	0.623121840421	28.3952602539	84.7335149097	38.7943597423	12.71	21.0142815506
1np_f17b1	1.80366617954	5.18443688149	51.2254926	13.6535273983	43.29	0.630645651684
1np_f15d8	4.04127257094	5.28589853826	84.9322871883	20.1214531384	9.61	0.674978503869
1np_f9e5	0.617982684248	10.2772763892	81.0730055782	20.5331375368	16.78	5.66790059249
1np_f17e4	0.889895381475	20.7769839245	51.1131666241	22.19635111	39.88	3.843454963
1np_f11b4	0.908297285898	7.72543134312	86.5050172145	18.5779164092	11.05	3.54981412275
water-control_f12h3	0.223429645052	11.8905194739	3.97501650333	2.24038998629	85.44	1.16894327934
1np_f11g3	0.532425674327	8.44084845834	86.8500366043	19.9735688683	10.95	3.98653723652
1np_f16g6	0.595243932336	5.00710958568	94.0652120618	21.0875214513	4.87	0.872762932091
1np_f9b3	3.19497646409	33.5810797934	50.3458921731	32.8273588322	41.11	26.7394660111
1np_f15b4	1.13913829235	4.9151173745	84.1972199258	19.5941399266	13.71	0.655605329437
1np_f14b7	0.427302160982	5.13233190272	84.080641518	18.9500037648	14.74	0.675777426399
1np_f9b6	0.276775564672	6.22349626847	88.4031038403	19.5779172639	10.4	2.61256363367
1np_f17a4	1.62048624403	55.7845764259	17.5485606038	6.55850338133	28.41	0.429904890904
1np_f12d1	0.224482226864	39.2316851783	10.4247594136	5.55251908099	54.35	2.37560756603
1np_f12g3	0.48320175484	41.2894347471	37.6814593314	10.839446646	25.22	2.32909453992
1np_f17a7	0.507685657126	6.2842436489	89.298388475	20.919665028	8.2	0.678589739723
1np_f10d2	0.159004770143	5.71517145514	86.0455813674	17.6375291259	12.61	2.1130633919
1np_f11c5	10.6531173713	30.4258534506	29.141318247	19.37458829	46.34	15.7098849149
1np_f12d3	0.884129868854	52.6646691881	8.70278500909	5.92956432045	42.82	3.41470602682
1np_f17a6	0.506255736438	8.65175595382	66.5900198058	16.5228732911	27.96	0.582580551664
1np_f14f6	1.39740901162	6.74205750348	81.1124394881	19.7822550614	14.59	0.590909981773
1np_f7a1	0.66437007874	7.1968503937	75.6387795276	20.0767716535	20.0	3.14960629921
1np_f17g4	10.3044766121	14.8794758271	38.5185417779	12.1989512356	40.98	1.39207251337
1np_f17f6	0.320892386446	3.88222485388	67.9623333461	15.4400809871	31.06	0.498529243229
1np_f9d5	0.721592108546	9.21085458768	85.089335406	21.1612643215	12.48	4.8774636805
1np_f10c6	0.372029926827	5.14572884979	94.036216394	21.9816245992	4.84	0.8869111239
1np_f14e1	0.28130525639	4.36023147404	1.99224401222	0.690202539785	93.61	0.0341584954187
1np_f10b6	0.21436227224	5.26489767707	94.5227434364	22.5060351995	4.76	1.01872163957
1np_f15d2	1.13202360264	4.6203842793	92.7660451828	21.7146279442	5.55	0.622465710387
1np_f16c3	0.362863511482	6.18215748276	89.6573531699	21.6121507439	8.86	1.20159659945
1np_f15a5	0.759247636209	35.8263651272	59.3134376708	14.9430058108	8.43	0.429227997004
1np_f9c1	0.535620297842	7.96515888005	82.9943135494	19.2307295376	15.38	4.31282702251
1np_f6d3	0.442521976598	4.73618115494	91.9777941675	20.8463731138	6.62	0.559132497458
1np_f12e6	8.58399418911	38.3050914916	38.2244952787	12.7710172038	22.14	4.95218953045
1np_f14a5	0.286686973661	11.3181628143	57.7126759442	14.5125326007	33.37	0.432021342252
1np_f8e6	0.16441734603	5.67239843804	79.0407030799	16.8870315818	19.84	2.3674140479
1np_f8a5	0.0712370097218	59.4305229635	21.6413845122	8.07911498491	23.58	2.11615822997
1np_f8b5	0.178160568485	6.56954370533	91.4350579276	19.2881721744	7.63	3.07047014029
1np_f11c6	1.32333437354	8.68017631456	84.7743407708	19.6754563895	11.69	4.06654704322
1np_f18d1	1.22053306601	6.22151486653	86.1958847056	19.747625593	9.87	0.506402372857
1np_f17g3	3.1022024941	23.3346935119	54.2820745046	14.1355733153	22.84	0.666819272072
1np_f7a6	0.0740535950552	4.24080254349	92.3260727897	21.0647919588	6.36	0.443334189064
1np_f16d6	0.652613911241	5.61287456188	91.9632719554	21.1413338599	6.49	0.887594411808
1np_f17b4	8.39047475205	22.5474500327	7.71686049439	4.97407239591	64.66	0.986759301213
1np_f14a1	0.800514386755	9.99303434603	84.5769704763	20.5529657611	8.7	0.534747896908
1np_f14b4	0.735190821822	5.68016857879	79.573870288	18.8948723952	17.93	0.725825333646
1np_f16b2	0.302796528447	6.91417550627	88.4349083896	21.68756027	10.28	0.660559305689
1np_f10d4	0.214447901774	2.289546716	2.7068791523	1.21730720713	94.81	0.668572870238
1np_f15d5	0.647532554801	87.5971044299	5.70256264063	5.31669025341	10.09	0.279986560645
1np_f18d4	0.148930002899	1.75617459794	13.7535358382	4.93667976051	83.27	0.183913560627
1np_f17c5	0.163926080538	78.2467036603	9.24502367256	6.457262129	16.48	0.394033497938
1np_f9g4	0.896021326789	10.2148547007	77.8776883284	19.6902537846	19.09	5.68608575146
1np_f18e1	0.358148646994	5.5997714379	94.0604465124	22.2409289417	4.39	0.660177135627
1np_f10b5	0.379895085968	4.85891720059	89.020441505	19.697461789	9.67	0.721406989676
1np_f15h5	1.36507065441	4.80959567254	92.6150951532	21.3129373028	4.98	0.551711973032
1np_f10c3	0.104063580807	6.12444779987	89.6181274677	18.6335023516	9.7	2.93214442393
1np_f5c4	0.360267105076	17.8012543384	33.3901642006	19.9790943595	64.25	13.0010757271
1np_f12b6	0.324303140156	3.78582276001	25.4994366335	5.66697692647	72.18	0.888649390095
1np_f8d5	0.532509235864	7.79335823074	88.4992097925	20.4749297873	9.61	3.75071722652
1np_f12d2	1.08863741103	72.9499718368	11.3482513186	9.13206001331	22.88	5.77295304419
1np_f15h3	0.327894914648	9.56260805628	17.2671449296	11.9125216113	78.87	6.14852646013
1np_f12a6	1.00287566609	13.1301470816	70.8331186032	15.6966017666	19.62	2.13562012348
1np_f11a3	0.530392838164	6.668233659	63.3006990148	13.8259820954	33.91	2.52013244492
1np_f15f7	0.898379671878	44.7770274381	25.1130579384	7.67780008517	32.07	0.300135872321
1np_f11f1	0.15341122893	5.20633327866	91.1629343033	18.6495952452	8.07	1.80620012929
1np_f16c2	0.426198561823	1.93540853759	8.36536309588	2.60292500657	90.2	0.296782103553
1np_f13d6	1.95431630049	5.27167486152	88.5770004772	20.2101616149	8.71	0.68774506753
1np_f13f5	0.411856836243	9.27257961599	33.8853761819	13.1417135565	59.75	1.45890132838
1np_f15e8	3.98034503476	5.28173547335	85.8778216462	19.7472319973	9.07	0.817526392584
1np_f18a2	0.245561012467	2.53912075239	11.9559382021	4.31073906906	84.77	0.117312548466
1np_f15h7	1.91225461595	8.72183847471	87.578814628	20.411812313	6.83	0.67380625247
1np_f15c6	2.60773586717	6.58124580094	72.8054515788	18.003647183	21.27	0.897398982628
1np_f13d2	0.988089228753	4.93507609361	93.0683392583	21.6552642602	5.32	0.733548851346
1np_f10c2	0.554050380148	11.3331895865	81.4022818251	22.7629395607	16.79	7.42390010219
1np_f18a1	0.443007662835	9.64276384535	86.9524991292	18.9927290143	6.8	0.650905607802
1np_f5c3	1.88749596904	37.162407288	63.0572799097	38.0068929378	27.13	24.834730732
1np_f15e3	0.0836523604728	4.6235151706	6.41465983014	6.01706508154	89.65	2.20743817106
1np_f12b3	0.0648424328881	9.73235038856	84.2861845715	17.7359017587	10.87	2.15775665134
1np_f14e7	0.16338996807	3.69923430976	64.67466174	15.5156395169	34.51	0.46774383016
1np_f13c4	0.513609636295	4.929225815	91.7180446147	22.3410001121	7.08	0.554372305842
1np_f12a1	0.262287494094	44.7421964649	9.86278121173	6.40675776014	50.23	3.225557602
1np_f16f4	0.628368921052	4.27747500918	34.8610738855	9.15155305399	62.51	0.61248597834
1np_f11a4	0.166766526862	5.85580187737	89.7213900539	18.3682844018	9.55	2.50449370881
1np_f8a3	0.164993676889	4.73245336706	31.4555011065	7.83472968701	66.73	2.05698703762
1np_f8c4	0.286965123454	9.26515381526	86.0337110565	18.6448977993	9.32	2.46613713603
1np_f11d4	1.2673567281	7.81923756627	83.2698813431	17.8601363292	13.64	3.58091391063
1np_f5f4	0.750571724556	5.55892183499	78.4845878697	19.1982173922	18.26	0.702683684838
1np_f9b2	0.213243207902	6.05832000563	88.5331482543	19.1677479707	10.51	2.63134071638
1np_f18b1	0.422163588391	5.40150345995	93.5600139394	21.5761437746	5.03	0.661124110121
1np_f14a2	0.496873662564	5.13366527834	68.8900719214	15.9573690748	28.82	0.4947859581
1np_f13d3	1.10017080277	28.3522556013	78.6627147594	36.4864864865	17.19	15.0416959711
1np_f16g4	0.104911408144	3.70881255828	52.3410786447	12.6194824371	46.72	0.634325458502
1np_f14f1	1.9500722249	6.0872624912	86.9022926775	19.5460942998	9.06	0.587984740176
1np_f13c3	0.706234748815	23.2618491214	56.1114482331	22.2134713956	32.26	7.11011839438
1np_f13b1	0.606348253116	3.83568543505	50.2823490667	13.738727831	46.5	0.366133609709
1np_f18g4	0.822920457762	6.5823527033	86.235796029	20.2383840835	10.34	0.593432811679
1np_f16a6	0.482051385269	7.93523000594	90.1013414916	20.7433051214	5.99	0.869503960067
1np_f7c5	0.882581726071	4.30520374175	74.3093922652	17.6017711471	23.08	0.66717194886
1np_f13d1	4.02435595163	4.47318898575	83.1292855443	18.9840150548	12.28	0.709480651511
1np_f14e4	0.864679670851	5.67751934823	83.4956307165	19.1106443291	13.4	0.503716695047
1np_f13g4	0.980154644378	3.61577130398	78.371994428	17.3924454404	19.78	0.45323319807
1np_f7d4	0.345050244158	7.36510755075	91.1406836434	20.7948262642	4.76	0.612413737439
1np_f13c5	0.693993905436	4.77735181362	90.1700579967	19.8781087192	8.46	0.50034404797
1np_f8g1	0.18771735694	7.87424913057	76.5916455896	19.0108283275	19.05	3.125
1np_f15b2	0.439193245028	3.66361198928	12.6605706511	3.34547200768	84.06	0.127055904598
1np_f15g8	2.46618702242	8.17531288534	86.3796568699	19.7974619634	6.94	0.626256153331
1np_f18e3	0.714233958202	5.57102487397	88.8610556171	20.9167037585	8.67	0.49375304067
1np_f14e5	0.808992759564	1.32165117497	1.64169226666	3.33968805871	93.7	0.0651935557158
1np_f14d1	0.782106354614	4.32923517504	57.6438058559	12.6983656742	39.77	0.385128129166
1np_f17c4	4.10277662661	43.1215834863	31.9390997178	10.2914767233	24.72	0.82687032542
1np_f7a2	0.0670300748174	4.31358246178	95.8323065246	20.9961852002	3.76	0.535254862145
1np_f11f6	0.546184409104	6.91046477008	87.5209182469	19.1277476053	10.52	2.64468240198
1np_f18g3	1.01245339544	5.42963667574	53.7879533353	12.6053727818	42.38	0.379396682739
1np_f15b3	0.778283601376	33.612309405	83.9373397213	40.3087291016	11.8	23.9260083892
1np_f12e5	2.47859584566	20.7602002948	69.0285284187	17.9408105876	14.18	3.50306819013
1np_f15f1	2.51505490613	7.7714803007	86.2655960956	20.3418349274	7.37	0.625811784154
1np_f11f3	13.1985586597	34.0914408723	26.9418316253	22.3819551687	46.67	19.678974215
1np_f16g2	0.0330066013203	1.71434286857	11.3362672535	4.85897179436	85.66	0.248049609922
1np_f15b7	1.08920703765	4.39215378426	92.7082004533	18.8364128782	5.52	0.626048729749
1np_f12c3	0.864941995133	32.5736178031	7.25183006089	6.00084050861	20.99	47.1271220399
1np_f10e4	0.262396970601	29.0890194585	82.9977053128	38.2914355687	14.32	17.6217573394
1np_f12b5	0.11723932248	13.414646688	80.573238582	19.7640815739	11.13	2.16070014501
1np_f15g3	1.84498847517	30.8723332961	77.5880101134	37.5079963039	17.97	22.3368500147
1np_f11a2	0.212555202443	6.03099591399	88.674728631	17.5234223451	10.03	2.37525279624
1np_f16f5	3.83255309317	5.79755279179	72.3443370638	17.3122902895	21.69	0.747423198248
1np_f9d3	0.113639592034	4.41395115392	72.8533954563	15.6813167041	26.59	1.71785183291
1np_f10d3	0.175625176845	10.005756603	37.5593954591	9.9072113649	55.84	2.05091178738
1np_f6g3	0.266730602092	4.59635767874	93.3187480645	20.5582361815	5.59	0.555439006603
1np_f17f4	1.16146788991	13.0660550459	69.9357798165	19.4770642202	22.62	1.79449541284
1np_f5g2	1.85576528519	5.65962248666	82.0752974969	21.3766926549	13.72	1.22178908494
1np_f16e1	0.43726369207	4.8891295845	91.5706391471	19.2516372316	7.09	0.768220156252
1np_f8e4	0.276989059429	6.22580068701	87.7777336537	21.3867323233	9.1	2.91185989715
1np_f12c5	0.685212826703	62.3633831882	13.9757370546	8.8596816365	29.6	4.80650751831
1np_f11e3	0.378787878788	6.2725593889	89.8944430454	18.6991102157	8.69	2.58646016956
1np_f15b8	1.54229113727	5.04589534823	89.4943732822	19.9491780325	7.81	0.526888969559
1np_f16a5	0.192680212669	3.09009603099	38.3629394551	8.92305155999	60.41	0.45439558175
1np_f8e2	0.369296537713	9.62393126217	87.6290950648	21.5916786591	10.71	5.65901972403
1np_f11a6	0.514755000196	6.20260128099	86.7136233251	17.3130574875	11.56	2.37337419938
1np_f7c3	0.565265096595	4.50252752851	88.7250675967	21.6564128688	9.55	0.812139974137
1np_f5d3	2.52013820434	35.0230506517	54.3985422828	38.5946570282	38.19	26.259820175
1np_f14c3	0.942899390306	4.72766310843	86.0134902469	19.4210942089	11.77	0.522595150803
1np_f13c2	0.312904409634	6.45220481718	43.4956444479	11.9550731076	51.55	0.876904950457
1np_f17b3	0.866228937584	12.5662526699	31.4719958864	9.67486749466	59.09	1.09069693853
1np_f13g2	0.0739076450068	0.837619976744	9.11231991171	2.30887483001	90.46	0.177378348016
1np_f11c3	1.0175072606	12.5945923835	80.4587474946	18.2496829877	11.85	3.83482635906
1np_f12f2	0.163471985487	16.6562004725	71.8788313747	17.2004425705	17.02	2.94648286036
1np_f16d4	0.367027802616	6.86747489031	70.4100729897	19.4701490985	26.52	1.12603713947
1np_f16c7	2.16494540872	15.7886446201	70.3041162514	18.2774950036	17.36	1.83217981156
1np_f17g1	1.73361043664	8.68142721923	66.0644470966	15.8843985349	27.29	0.670809498333
1np_f7a4	0.538291404506	6.27972974338	87.7637173415	21.196360221	10.16	0.767544967026
1np_f9a3	0.145204807456	5.67574196713	90.1407897964	20.7485896493	9.01	2.33014471425
1np_f14c7	0.210988358532	4.91104561165	93.107360207	21.4020653534	6.11	0.676435038911
water-control_f10h3	0.116485870888	28.7980114198	7.69742795037	5.5622003349	67.86	3.17319992928
1np_f14d2	0.154861364555	2.55471932611	38.5289156745	10.1882995828	59.54	0.303804460402
1np_f16c4	0.152862142484	4.95595156684	95.0118669295	22.8488676133	4.33	0.689890985156
1np_f11c1	0.720599638149	7.05712070302	79.3259240114	17.3316102352	17.79	2.84828120961
1np_f17f2	2.13049398074	8.03024811684	82.3565712271	21.7790359392	12.53	1.05202323463
1np_f9d1	0.815094765343	9.36841907341	76.4778880866	19.3742478941	21.08	4.84638237064
1np_f17e3	0.768157900298	6.10722512204	58.754041546	15.0155322161	38.5	1.14536886372
1np_f9e2	0.147771366533	6.24861778484	89.6469571161	20.116005549	9.21	2.35931562758
1np_f8b2	0.195038702993	8.01385587453	90.848418358	21.6970398814	8.2	4.26647162796
1np_f10e6	0.340590687221	4.27520519599	70.5151434144	17.3602241562	28.47	0.8722685914
1np_f16c5	0.242421999334	5.03164439839	92.1573707391	20.8001776528	6.74	0.695806654576
1np_f5a2	0.891192304382	35.4287189589	33.3900687519	9.67689497892	31.95	0.414041059869
1np_f15e1	1.25256229334	5.77352932088	81.4958642783	18.4268806461	14.99	0.518124040749
1np_f8f3	0.193726030091	11.2085750811	52.9757104927	12.2352247025	39.51	2.15655423345
1np_f12b4	0.214084173556	4.99694165466	11.5033247173	3.25467137586	84.6	0.717231309564
1np_f11g5	8.15665574214	34.8811353771	16.890474395	13.7881029032	53.11	11.5161885979
1np_f16e3	1.34887234272	20.9354797571	56.9989307121	17.4254686718	27.87	2.08069690103
1np_f15d1	1.08373679802	6.09691323977	92.7815570673	21.1854711855	4.31	0.589364875079
1np_f6d4	0.213171309407	4.83909170486	74.5512589465	16.8683383966	23.39	0.412955048659
1np_f16a4	0.258403069033	4.2060068775	60.6899361943	14.2509292572	38.08	0.652964678288
1np_f6a2	0.293712526333	10.5908685788	75.2106627775	18.0997812348	17.33	0.531720952844
1np_f12g4	0.1322926313	15.3897035627	47.4421728556	11.1339513774	39.95	1.45928948681
1np_f10g1	0.171898132968	6.95144126151	88.4987231844	18.7776353574	10.54	3.5790582367
1np_f6a4	0.157128426981	4.25165035864	94.4760175086	21.0001122346	4.81	0.549949494434
1np_f16a1	0.177110650123	5.40040706094	89.0191396924	21.567380328	9.94	0.704528552977
1np_f18g1	0.372464455954	5.82117579084	86.377705784	18.4478240234	11.13	0.573657167619
1np_f16e7	0.998519577314	5.18250038287	93.2931747409	21.1455408648	4.9	0.801470212875
1np_f13f4	0.896560685264	30.7239452668	64.4054413337	15.4284400644	7.83	0.415796259833
1np_f11c2	0.20143607537	5.78092622042	89.5629126307	18.5783817647	9.18	2.50975856585
1np_f14b6	0.429108187594	5.51770332925	93.7214145918	21.3633081101	4.58	0.575632934577
1np_f11b6	6.87413351258	20.6055959333	16.8823257573	12.9679032055	67.13	10.89463513
1np_f10e3	0.145462101927	48.2778326147	48.5708348486	14.5825757182	10.13	4.0604706738
1np_f14e6	0.666113280249	3.35516135313	44.2463184431	12.1048154866	52.55	0.284891526014
1np_f15c5	2.79390682852	7.90936562123	81.2852590217	18.6549231134	11.46	0.623962211611
1np_f18c2	0.319834718953	4.87797610179	90.2827855419	20.6343057501	8.09	0.470812598707
1np_f8f6	2.45514045032	33.4606833057	19.4198269293	13.4166327415	55.07	9.71826428251
1np_f7g1	0.988156213208	4.65600692313	91.5382835062	21.4737816597	6.09	1.12702134297
1np_f15f2	0.371620946634	2.20275319174	25.4800103894	7.04081836527	73.37	0.266727937504
1np_f14f3	0.938340533051	6.28820604776	86.5789795419	19.0021599152	10.22	0.60416496862
1np_f10e5	0.102558843136	4.9248756474	96.5417158094	21.8019588739	2.9	0.633813650582
1np_f10a4	0.926798465051	10.2229562345	75.3864088988	17.7354641278	20.17	4.19196580366
1np_f16e4	0.605237910551	12.7344914164	64.4073159281	15.6790299863	26.4	0.951233950479
1np_f11g2	6.79967309264	20.207682323	19.9192346522	15.1896543435	66.51	12.4647853469
1np_f16b1	0.443638420062	4.42858396466	77.0185548113	17.4959292519	21.17	0.622068817582
1np_f14f5	1.16481580134	5.14895709544	91.688521903	21.3682743925	6.14	0.603409416875
1np_f15e7	3.2016152293	5.37001936627	89.0158226544	20.9557460134	6.61	0.710783303803
1np_f8d3	0.168731667599	5.72118072927	90.5618175932	18.7184241247	8.76	2.57217693281
1np_f14c4	0.210342542831	4.45400334445	93.2069875793	21.7105055583	6.06	0.601579672497
1np_f15a8	2.3305959998	28.663408736	61.8076477404	14.0702302383	10.9	0.579374275782
1np_f15b6	0.874629851156	47.7634185084	46.9780165905	13.973486557	9.73	1.03543623635
1np_f5e2	6.37372913392	10.5787787748	29.5557191461	12.4161875012	54.44	3.0271980263
1np_f14e2	5.07605500847	5.05138272082	82.4386947287	18.6372315548	10.93	0.876402565918
1np_f12e1	0.0861789277314	12.3702246735	83.0734447238	18.3662503042	10.2	2.79625273745
1np_f11b5	0.296656157941	6.27215876789	90.8160628456	19.7798335831	8.16	2.65543438937
1np_f18d3	0.0582282547587	1.38543088909	2.92345996306	3.95048590475	93.52	0.430688298129
1np_f16b3	0.157216959404	4.98988604274	67.8486311109	17.0535338767	30.48	1.11854359015
1np_f10f4	0.171346119161	4.23655784685	75.5075252009	17.4031543718	23.41	0.608228621816
1np_f17c6	1.3599010981	15.0513728872	49.7241759041	16.271024445	40.07	1.96972687701
1np_f13a2	0.646261469445	10.0843918651	62.8152583593	14.822350764	28.78	0.451511011637
1np_f17a2	8.15684088845	19.4729997523	35.9291140286	13.39278342	42.65	2.2840805879
1np_f9g1	0.873483601852	10.363170181	73.5276108836	20.4833339711	24.03	6.18805250469
1np_f15e2	2.23163138232	4.52801992528	87.6712328767	19.1083437111	9.43	0.615691158157
1np_f7d5	0.209185993633	4.30498711536	96.2134303471	21.5269566975	3.22	0.591177808095
1np_f8c5	0.193243630117	12.4463212139	67.9767698663	15.1813831745	23.83	2.0653552002
1np_f13e6	0.693759099481	4.31107767171	88.5529748586	20.4180142856	10.41	0.655651205284
1np_f5c1	0.746966401756	5.06920872375	87.3117339783	20.9018475985	10.46	0.674810463627
1np_f9d4	2.19588343028	32.6431262396	40.3230245115	29.7383729206	51.34	24.6889797778
1np_f7g3	0.60303156026	4.77118570478	88.8772034773	20.7626178324	9.31	0.916607971595
1np_f16d2	0.753183637665	7.03374706339	51.2265701409	13.2628883131	44.02	0.857036267758
1np_f9e3	0.318037255793	7.25202277495	87.4689454503	20.2084159038	11.39	3.61151120864
1np_f7f3	0.273676041092	4.31448236423	93.3398688806	20.0580029818	5.73	0.741376141168
1np_f14b5	4.98317348141	15.3836446239	20.9027427225	6.08867575299	60.85	0.356722194178
1np_f7c4	1.04703442896	5.07503746741	88.5175224291	21.2681434642	8.58	1.09425362869
1np_f7b6	0.278612509702	5.72548707437	94.7163127624	21.5964496806	4.5	0.676630380704
1np_f13g1	1.70454545455	2.9625199362	46.8002392344	11.9467703349	49.44	0.452551834131
1np_f13e2	0.979813835371	4.12321658885	87.3224087423	19.7352503024	11.16	0.496905587938
1np_f14a6	0.313074745304	5.54131966688	90.9766278854	20.8623504371	7.46	0.600318240995
1np_f15d7	2.76791360607	5.31400496181	87.220897991	19.5826239237	8.53	0.817239869631
1np_f16c6	1.02284912975	6.32269240287	82.1197310897	19.4908438505	15.29	0.913552750969
1np_f16f6	0.868659138955	5.43237583785	91.811359697	20.928974341	6.49	0.878678275506
1np_f5e4	0.352482596785	5.1792359277	87.5501968601	19.9893960667	10.57	0.540015120423
1np_f10g2	0.171741597986	5.72471993288	86.2981789468	18.6586388985	12.96	2.39648620639
1np_f16a7	1.51148969889	9.39580031696	84.2591125198	23.3013074485	10.74	1.42234548336
1np_f11g4	1.15880561614	7.32268666017	86.3697122584	19.1670268043	11.16	3.49249741203
1np_f9c3	3.2285285971	49.6073545325	55.7358007287	46.1365870124	34.67	41.8547162131
1np_f17g2	0.183473361272	1.56904814421	5.75284233322	4.08854845501	90.52	0.125323334202
1np_f9f6	0.419789172549	40.3339656084	50.2917793878	15.1860028815	15.08	3.55317847777
1np_f17d1	0.708468974798	5.27591700227	91.7031950368	21.2540692439	6.66	0.699563638523
1np_f13f2	1.26670953007	8.49271162206	87.9307532124	20.3191724164	6.42	0.654466590536
1np_f9b5	0.313848568066	12.0563275588	63.8970907064	15.9587867275	28.82	2.81741033635
1np_f3f1	0.15285725484	7.19898879047	44.1355726268	10.5647879596	50.47	0.281218154739
1np_f12a4	0.0852322321603	14.9105061562	58.9457902466	13.6597488216	30.48	2.3608301414
1np_f9b1	1.04513017947	15.7712574617	74.6699333061	24.4891014797	21.95	10.9869917751
1np_f7d6	0.217351374518	4.78887324231	95.272352497	21.2004326619	4.15	0.545929508765
1np_f18b2	0.212028907603	6.94320014334	91.2132433455	21.3979971729	5.65	0.546497043541
1np_f12a2	0.0550465930091	10.6515157473	71.8210592537	15.6214367161	21.63	1.86372036331
1np_f11b2	0.302494598311	5.9516794343	90.3741897466	18.8469848753	8.56	2.47299155372
1np_f18b4	0.566907981156	6.74166181075	88.4494967951	20.0037530494	8.11	0.625179010578
1np_f7e1	1.38753117207	5.87032418953	81.7546134663	19.8184538653	14.57	1.45635910224
1np_f13g3	0.155339805825	12.723556464	26.3852835973	16.366888094	69.14	6.78385283597
1np_f15d6	0.24840347966	22.3462563484	14.2575551868	4.44813194549	64.9	0.240358022829
1np_f8e1	1.08343711083	21.6760066418	82.5716064757	29.2278953923	14.05	17.7885014529
1np_f17d4	0.448639226716	6.16012359862	91.5016044052	22.3735292953	6.65	0.785366240146
1np_f9f3	0.262248182143	7.04295307347	88.8167044145	20.1891365677	10.02	3.40922636786
1np_f8d6	3.44029304029	31.3826617827	35.0349206349	18.5885225885	43.38	10.9431013431
1np_f13a4	1.33955476012	17.0288730208	59.1002063663	13.655788301	25.59	0.493087641763
1np_f13b4	0.835503472222	5.03176294192	93.877249053	22.6582228535	4.58	0.5859375
1np_f10f3	0.497444418737	11.8229813011	83.5801274636	22.1599394233	14.1	7.21662495005
1np_f10b2	0.104747558384	5.45684899392	90.2963857104	19.0909907124	9.16	2.18972276813
1np_f7c2	3.54863615485	5.4622218313	63.9145434466	20.0154416005	27.39	1.88133423246
1np_f7e5	0.2256571174	4.3310670773	89.7766672478	19.1411470742	9.08	0.540414899181
1np_f14b1	0.194437053562	4.52935999509	94.9579401953	21.6326572382	4.41	0.545447102888
1np_f8c3	0.541079032699	10.2853850061	85.7932570223	20.4125483455	11.54	6.04953705512
1np_f13d4	1.08047616218	4.5496860578	92.764474023	20.622140353	5.56	0.513993701349
1np_f14a3	0.343249427918	16.6013332007	71.6565515869	17.5077106756	15.7	0.715351706298
1np_f13b2	0.6794512961	4.51681815035	93.7801030551	21.2350782803	5.24	0.591429221351
1np_f10b1	2.75326180302	23.9060931825	64.8977226872	29.1373940755	29.5	20.1398876346
1np_f10f6	0.259479285554	5.35834479529	92.585330641	21.2363310019	6.15	0.870133544038
1np_f13e1	0.165073251255	2.54586186906	14.5844182642	7.91565542924	79.6	0.164090672379
1np_f14b3	0.7448957146	5.14527966085	89.1425200472	20.3221548983	8.8	0.587917691523
1np_f16a3	0.507941547039	6.49708826476	76.4759571027	18.4208176668	21.58	1.53374537446
1np_f8d2	2.25875230825	11.5488587257	59.052142626	18.0433665214	36.42	7.78903082107
1np_f15c7	2.8270492738	6.73743792828	85.6418656244	20.2703683354	9.01	0.796176693171
1np_f17a5	0.176754360266	3.97257866057	10.6872912638	2.84369445909	85.88	0.135739536337
1np_f11f4	0.805420867907	7.91625245988	83.6227708912	18.6423485018	13.96	3.1679211215
1np_f16d1	0.392727869323	6.03857551552	89.0497626201	20.678198989	9.32	0.955671995324
1np_f12e2	0.891716100483	41.7504339367	9.91759971007	7.7917866748	53.97	5.04892517214
1np_f6b3	0.853781244707	5.14460483975	90.2218635743	23.6279227313	7.37	0.896619743567
1np_f10c4	0.166824566462	5.78634098118	87.0278452857	20.1466408535	11.02	0.649791984183
1np_f11e1	1.65826020866	11.4548272152	79.7060536368	20.4706300402	15.54	5.65387766383
1np_f10c5	0.0150187734668	96.0901126408	6.68535669587	7.60650813517	2.79	0.340425531915
1np_f17g5	1.20328864467	6.53494184966	79.483153959	18.623603049	16.28	0.528827284183
1np_f9c4	0.244216942795	6.75211003439	87.3817989997	20.0511878712	11.54	3.26371522351
1np_f18c4	0.8	6.992039801	90.8905472637	21.6746268657	5.76	0.586069651741
1np_f14c6	0.317215752028	4.61888793221	45.203244664	11.1999818734	52.44	0.617437803054
1np_f9a2	0.639943201443	8.33269370994	76.4928809917	22.2387458265	17.69	4.29826917911
1np_f10g5	3.35453319968	13.4855345477	51.1873077322	14.9096125264	37.62	4.26359268605
1np_f12a5	0.211879734995	36.0774342914	6.98686345643	4.51975649334	60.38	2.05678376898
1np_f11f2	0.977256052825	7.68500855955	86.3908045977	18.4954756664	10.96	3.28491073612
1np_f16b6	0.487244770606	5.44655783536	92.093255454	21.7143427687	6.68	0.915580849683
1np_f13a6	0.246293570391	3.29225233546	10.5030738592	2.59185499466	86.57	0.109677605565
1np_f13f1	1.08349514563	4.53786407767	94.5941747573	21.2475728155	3.97	0.54854368932
1np_f10g3	0.0627565560025	75.095935227	17.4175162807	8.62336807234	13.53	3.28288803613
1np_f5b3	0.446590955018	58.1427070283	57.115143677	42.555470234	21.37	30.6409893707
1np_f16e6	0.764936122867	5.78569867477	72.0639367388	16.7521010908	25.22	0.822554687966
1np_f8c6	0.201478171536	5.88376105886	90.978366032	19.2780697992	8.01	2.22324180373
1np_f7b5	4.15816892627	15.5336933205	32.6355499667	15.3994906639	46.15	2.3511882747
1np_f11e6	0.398055243482	6.36888389571	88.7663192965	19.1202107465	9.63	2.36024483787
1np_f10e2	0.242590870497	6.6813568916	87.584401407	19.6710872114	11.21	2.93231714713
1np_f15b5	1.59961973867	5.36246083405	67.9290308186	15.7827854143	28.23	0.494727754227
1np_f15c1	4.66005863465	24.4990460235	60.9390851133	16.2213225371	13.87	0.508166969147
1np_f8f5	0.180344438059	34.674686379	20.2619948869	6.68463505024	48.57	1.9074892487
1np_f18c1	0.45278004906	4.81909239575	91.8315617334	19.3816434996	6.43	0.491618969747
1np_f7e6	0.733288709951	4.83131362578	93.823990729	22.4542194072	4.46	0.738283864651
1np_f13d5	0.00498097268435	2.85808212628	2.56121615429	4.31053376103	93.11	0.32774800263
1np_f18f1	0.302960656902	5.2662919705	94.6407304486	23.1754455611	3.94	0.528614111698
1np_f14f2	0.359493670886	1.39240506329	17.1027848101	4.48405063291	81.87	0.351392405063
1np_f14d6	0.870337152689	5.75648863345	92.0662957133	21.3282937365	5.73	0.647032983124
1np_f7g4	7.63440313311	15.2840649001	22.1677432481	20.0712069579	59.7	11.2374752047
1np_f14b2	0.282424729687	3.97868414814	62.1664244411	13.9923930857	36.32	0.411268128266
1np_f14f4	0.295721678756	5.0058394317	95.1227352112	22.2176982996	4.03	0.655730678981
1np_f14g6	0.0399426464564	91.3078656288	6.40004096682	5.24989758296	6.16	0.207906595658
1np_f16b5	0.89358245329	10.5777822908	62.3090982941	14.3450446791	29.77	0.825548334687
1np_f10a6	1.31388791809	25.0809963256	53.7437776875	21.1572792791	34.51	13.3259027666
1np_f11d2	0.594494731084	6.78921239769	85.7403833252	18.458235713	12.16	2.78153350742
1np_f15a6	1.66463133871	9.73654181097	85.3996916979	19.7063121859	7.33	0.666653320254
1np_f9e1	3.07952418332	38.5363202705	43.6930137069	35.8019845823	47.84	31.8509349274
1np_f17b2	1.80281837983	12.2864565565	59.7659222715	18.2512399297	32.68	2.172829139
1np_f12f5	0.784963847721	9.97183717493	81.4185275436	18.1530379899	13.11	2.59457516079
1np_f17f3	0.971310193871	8.09685741088	78.229557536	18.4089665416	16.94	0.701610381488
1np_f6e2	0.210685483871	12.0594758065	84.7469758065	18.8961693548	6.64	0.503024193548
1np_f17e6	3.8008380103	16.7582840009	47.9684016299	16.1047897286	38.6	2.35738448528
1np_f15c4	1.12143478877	35.2108256918	61.2851966559	15.1859274104	6.41	0.47165037145
1np_f12f1	0.231288081022	15.6868339005	79.1412793186	17.9752613453	10.3	2.45144988079
1np_f10e1	1.57885884876	18.9873018543	71.0454946811	24.1453979733	24.41	14.1466593785
1np_f6f4	0.0852826510721	4.59104938272	90.9742527615	19.1946881092	7.76	0.463978232619
1np_f17c3	0.499479922967	11.2779477039	81.08567368	19.1851783195	11.79	0.902153427874
1np_f9g2	0.628693209338	10.0339048726	83.7469727792	22.0885401531	14.31	6.10965804514
1np_f14d3	0.910101222479	7.35189579391	81.3203976812	20.6690095015	14.48	0.628760800569
1np_f14g1	0.457728365511	4.85234060869	86.3563352335	19.2308903657	11.99	0.573210292589
1np_f8d4	0.363163925035	6.00806121614	87.9480726737	18.8875930927	10.88	2.58409035109
1np_f15g4	3.5446781191	5.92692749168	85.5800470808	19.2418435439	8.78	0.679947860937
1np_f8f1	1.45004438911	9.14517791361	82.3821137382	20.0567364307	13.46	4.77463595824
1np_f9a4	0.306851775624	7.15769187591	56.0313213337	13.6801631553	40.93	2.6232084721
1np_f10b3	0.201396880829	7.52807651097	87.5947458232	19.7716179213	10.94	3.64498591214
1np_f15g7	1.44567449782	4.51134599008	88.1220257476	19.8928016831	9.63	0.548013825577
water-control_f11h1	0.254215148409	28.6640139869	4.41108498623	2.56526195213	68.61	0.822933622717
1np_f5d4	0.33403209059	4.81554767549	90.2484180005	21.0450012734	8.12	0.500558352761
1np_f11b1	0.382180317714	6.34272334975	88.5177913337	17.4238526716	9.45	2.07574309923
1np_f7b1	0.26581605529	4.38646645201	93.5201067277	19.2059623043	5.35	0.574764527098
1np_f7b4	0.257683979503	4.16899366078	93.282580367	21.6954234149	5.89	0.570236030687
1np_f11b3	0.296729975722	33.6703599724	26.1242269535	8.77501473659	44.6	2.64559251082
1np_f11g1	1.18044342929	7.49911392904	84.616823534	18.8103020517	12.23	3.1544126334
1np_f15g6	0.728770923696	4.76392583928	93.4203579673	21.7709961595	5.02	0.521733729464
1np_f15f4	1.3725143441	5.88009903325	92.7719484398	21.4188870549	4.41	0.701485498703
1np_f7c1	0.218615500229	4.13417526327	95.2294974771	21.3091555	4.11	0.634375335487
1np_f8e3	0.299011960478	5.64922596904	44.9667986719	11.6404656186	53.58	3.09412376495
1np_f13g5	1.12373054504	4.34068465437	92.9010676442	21.236704525	5.63	0.617951645534
1np_f14a7	0.339159097413	5.78902184397	90.7250585579	22.0230840161	7.46	0.612606119702
1np_f15h1	3.90094164427	12.6455616001	73.7792488694	17.9130890739	13.68	0.868453824474
1np_f15a4	0.0677297582645	88.3883305611	6.69628183548	5.27993306706	8.77	0.42131893744
1np_f18a3	0.0248773546416	1.65583672495	2.16731513638	3.76742658693	93.46	0.0975192301951
1np_f6e3	0.364284681733	5.7408567436	92.1640244784	21.4455741339	5.59	0.546427022599
1np_f12c1	0.166006764002	16.7254392477	64.2837993896	15.3252082818	23.72	2.9138827023
water-control_f12h2	0.114845261122	10.7108317215	4.79730818827	2.77139748549	86.46	1.4960106383
1np_f16c1	0.212417308976	4.86031033157	68.0129878012	16.7597256782	30.12	0.761667779329
1np_f15f6	2.44471873774	6.00798002124	86.5105108553	21.3154596167	8.97	0.611418893705
1np_f17d2	0.924927539099	7.77038055575	54.737904223	17.6201169267	40.24	1.73906161897
1np_f9f5	0.308417219961	8.11308631399	66.3361176555	16.077675448	31.11	3.39401727708
1np_f13e3	0.143701757267	4.59742979143	5.73062079159	6.14838232879	90.86	2.16476432912
1np_f12g5	3.90022411736	57.6078625414	16.5332634786	7.85380950995	26.89	2.60403023159
1np_f13a5	0.411621809208	4.23382432328	84.7458934218	20.8375106038	13.93	0.480064779826
1np_f6b4	0.111641754016	4.14314953793	96.0243130931	22.3986437594	3.47	0.509623932684
1np_f15f5	3.09278350515	5.20648467567	79.1820375282	18.4789327803	15.9	0.584258908453
1np_f15f8	1.67026244087	4.88316266067	92.2260374568	20.7359688839	5.27	0.547975731056
1np_f16g1	0.333055786844	5.70154952174	86.5427184663	19.9874088666	11.53	0.753437176337
1np_f5c2	0.584310553983	4.8726243429	91.9793772746	21.4071977355	6.07	0.598463404772
1np_f5g3	3.62574606889	41.792746525	48.8747000853	39.9456683389	38.99	29.815986199
1np_f15a3	0.585495407583	56.0566582498	60.7345854753	34.6840638613	10.76	21.847429152
1np_f9d2	0.529121001364	10.7903926329	82.4683930005	21.1425918223	15.71	7.04301647336
1np_f17f1	1.33021943269	17.6567897631	77.0213594123	17.8874130297	8.21	0.716197148835
1np_f15d4	3.03993894683	6.23993046723	77.3022131773	17.2665988298	16.65	0.54905452387
1np_f12g1	0.143759305848	22.8443805514	70.0456949222	17.0036453253	13.38	3.57652615906
1np_f14d7	0.537624067092	6.63999384473	81.0956374548	19.0149649919	15.91	0.637647149342
1np_f12d4	0.180590060563	22.5039161104	68.2889840063	16.7469843455	14.49	2.6958803516
1np_f9a1	0.211881507789	6.36451691016	88.3626604246	19.1974735653	10.65	2.70905642102
1np_f14c5	0.631069448274	4.53185471107	93.6045502354	20.7681075065	5.09	0.559589090055
1np_f8d1	1.00625425723	10.9790079881	72.6577497059	18.9268685368	23.57	6.11492971701
1np_f8e5	1.46882688075	27.7652790366	21.8600284863	9.53968665027	54.81	4.58290172213
1np_f15e5	3.67801638603	5.38636854824	82.8663771932	19.1140931686	11.9	0.717134605183
1np_f17d7	0.567472250807	5.64475038214	88.2249507958	19.8285594397	9.78	0.617425794012
1np_f14e3	0.341878554701	3.81293911007	65.0175644028	16.2502091	33.16	0.442246570759
1np_f14d5	0.377004790669	6.94855238492	75.2707769215	17.3349302229	20.61	0.441574671943
1np_f10a5	0.35955149588	13.6868576654	78.0444970955	18.3672621089	11.85	0.733651318182
1np_f17a3	0.878767929459	40.0911684322	45.2071737786	12.6947553215	18.22	0.621421589164
1np_f13b5	0.772208436725	4.73052109181	91.7667493797	23.4799007444	6.75	0.567741935484
1np_f5g1	8.29462576941	21.5238193762	12.7978068587	11.9639993793	55.12	3.14384730771
1np_f8f4	0.682737954258	8.00749673048	88.1905899556	20.5192103719	9.85	4.05111781606
1np_f16e5	0.37067209776	4.27393075356	50.2790224033	11.2209775967	48.04	0.763747454175
1np_f13a1	1.24434496429	48.3141591661	47.0897313087	12.8389464799	7.25	0.40403273993
1np_f16d7	0.855675428081	7.61141810173	63.1289652954	15.5921995147	30.8	0.637370990849
1np_f13b3	0.626375323322	30.6064934564	82.684438096	38.7918387832	14.0	19.7255144192
1np_f8c2	0.271358370666	53.0796708176	36.636340313	11.9891061949	16.42	3.9598586963
1np_f16d3	0.265571952489	6.74144187087	85.809897176	21.0589803204	12.42	1.36190744866
1np_f8g2	0.769563511624	14.4436508495	85.8752401742	25.9549126319	11.33	10.1501906304
1np_f8b1	0.705381979057	10.7107933886	33.5146630211	12.4044696344	62.35	6.5516030114
1np_f16a2	0.130350214365	3.78117457763	62.2676863855	15.3731784067	36.19	0.508162163814
1np_f18f2	0.195529885991	4.86117378095	93.7721224518	21.1142195349	5.19	0.538459224498
1np_f11d5	8.64972646863	24.2077815839	16.5315200164	13.5201186155	63.13	11.7736080577
1np_f10a3	0.140485443862	6.57923071401	88.5929921349	18.3953896164	10.46	3.26705565069
1np_f7f2	0.37691011619	2.04135298071	27.4228892547	7.07266476426	71.02	0.261012690281
1np_f7e4	0.551826842653	2.45721046941	19.5373222628	8.1101205655	75.84	0.485526020523
1np_f6g2	0.320910659683	4.37568748549	93.5838051124	20.7058016207	5.5	0.60246435167
1np_f7c6	0.841669541221	4.83023702755	73.0990982112	18.1323609126	23.83	0.425762578229
1np_f18e4	0.404823704083	72.6567757234	15.4441845312	6.60962818171	14.83	0.347144337275
1np_f8f2	4.44165250166	34.85329983	46.1691143089	29.6240379235	36.59	23.049716524
1np_f9f4	0.310023105496	8.00795530988	86.4048043832	20.2060971211	12.13	4.08002105817
1np_f17d3	1.27183346961	4.65879200449	18.2401213709	5.41637522535	77.81	0.605869545943
1np_f13e5	0.0577349661187	0.837663455792	2.58794453392	3.3800277533	94.17	0.0597607544036
1np_f7b3	0.320496463311	4.11746093311	93.773794821	18.883774101	5.16	0.663448092842
1np_f7d3	0.041995468396	4.41050082038	96.6628252207	21.7585358231	3.08	0.564497226346
1np_f15g5	3.47525114669	5.77613942276	89.4176023112	21.2098188742	5.51	0.66691054394
1np_f10g4	0.271532306173	16.8967148705	79.857239833	19.300392899	7.06	0.655174541789
1np_f16d5	0.350012963443	5.77770686664	88.4804850322	21.266029796	9.77	0.771823457849
1np_f6a3	0.164810982405	62.3612918934	17.7256084428	7.65809212559	22.48	0.376443266629
1np_f12g2	0.200135508417	21.9356856205	69.4751654766	16.9124928337	14.09	2.64032938969
1np_f13f6	4.50048156904	4.4284894298	80.8763583652	19.0633238965	14.26	0.70824699141
1np_f13f3	0.65650691008	38.9271139325	51.7733572541	25.3139601364	26.44	11.9354139148
1np_f7f4	0.150668094049	4.4556123865	95.2519725625	21.3244914952	4.17	0.612584750803
1np_f17c1	1.79218106996	8.09773662551	47.6687242798	11.9074074074	45.14	0.65329218107
1np_f14d4	0.56338028169	5.23657197422	93.0627834805	21.9107185486	5.01	0.583432800191
1np_f5b1	0.92948617754	4.50571550637	89.9246616024	21.935665385	7.57	0.590828097158
1np_f10f1	0.058070826032	5.48208973471	91.0784873059	19.0003667631	8.27	2.17816536941
1np_f11e2	12.1621479226	28.3347909927	33.3747800339	19.1905248628	42.02	14.5878336372
1np_f5a3	0.318702157445	14.3674109669	15.795117205	12.2457084421	80.18	8.79756952373
1np_f18f3	0.76005737898	5.30006208919	77.5044425889	17.9298606205	20.07	1.1871882159
1np_f12c4	0.110257924788	19.4388659185	44.862177594	11.3162039772	19.91	22.3892498523
1np_f11d6	0.451539750549	6.81122628162	89.3747679587	19.1342477849	8.87	2.59284158982
1np_f14a4	0.0765689069789	5.66912157329	93.6276534652	22.0155757277	4.75	0.555124575597
1np_f17b5	0.344367697116	26.3809542767	10.4872902442	3.53126181898	64.57	0.189103648705
1np_f16b7	0.430393460383	11.3143251096	88.3321022308	21.5039149062	5.04	0.855862510464
1np_f16e2	1.24617446443	8.2701578221	76.1676634729	19.2226911768	19.69	1.26617726482
1np_f8g4	0.283887874216	6.20086556023	90.3924799492	19.4453267688	8.52	2.81902644326
1np_f16f3	0.483837038076	7.57109799954	88.6002784818	21.0924900077	9.4	1.96740360824
1np_f10d5	0.244464622477	4.94517007753	93.2328201239	21.205559824	5.99	0.963889082908
1np_f18a4	0.102379045746	78.6179842478	18.3461222669	7.26384397839	6.18	0.323355599931
1np_f6d2	0.255246738514	3.93334246093	80.6589473272	18.2095565944	18.48	0.426389187709
1np_f17e5	0.556329690823	20.0194872547	29.6290087693	9.31826039582	53.36	0.785776399468
1np_f9e4	0.331449736455	15.1336720642	58.7625243364	15.430932143	32.41	4.24996438577
1np_f12b1	0.0741713357857	16.8368932233	77.5792079704	18.6119937055	10.89	2.42760777396
1np_f15e4	0.773203367989	4.89501681088	93.0789578226	19.9346943521	5.29	0.514499985466
1np_f7f1	0.420587176719	4.75602858759	93.2572368759	21.6494421307	5.66	0.785644506144
1np_f15a7	1.07142135161	13.6444498352	59.5568763014	14.0800937999	28.71	0.476074959064
1np_f12f4	0.103079500064	13.5866710277	79.1690206456	17.1805774434	12.37	2.55716452083
1np_f9c2	1.39448374227	13.8320837268	75.9738257233	23.2956845209	20.74	9.52431432261
1np_f9g5	0.25099645593	6.52490386836	84.0978685381	18.4773550997	14.71	2.86939148419
1np_f7g2	0.345989347966	4.1659941898	86.0696417043	19.3199241446	12.75	0.652638799225
1np_f7e2	0.490663206342	4.81437927049	87.8195900326	20.8379797652	10.44	0.716733237363
1np_f7d1	0.205773648986	4.28728398761	95.6358006193	20.9609429627	3.79	0.590350614324
1np_f10c1	0.191053027377	6.24580801203	89.9036604947	19.1987967724	9.44	3.22960915429
1np_f17c7	2.50508814387	17.8140726415	56.6358509098	14.3348960601	26.53	0.663230692899
1np_f9c6	3.95065107319	28.4282661558	36.7180016211	23.8186469046	50.76	18.4142657137
1np_f7d2	0.0857320233743	4.36740606431	91.6209264971	20.7175868899	7.42	0.474975118005
1np_f14f7	0.476031090781	13.1159581985	80.1210532188	21.0578675295	11.62	0.982743872959
1np_f6e4	0.190564482901	4.42933662958	95.3234445818	21.4091470952	4.09	0.572723526988
1np_f11d3	0.300744214497	6.08420838006	89.3057396269	18.7593026812	9.31	2.42532368233
1np_f17d6	0.556693450974	8.87978572554	86.9334593771	21.4810146526	9.35	1.03671025681
1np_f9f1	0.667147122413	7.37362297951	82.0714506332	21.412539895	15.28	2.73859775559
1np_f13a3	0.4117588835	48.2510145501	64.3096110066	36.8375729981	16.59	20.1059091359
1np_f9a5	0.486721802616	7.37354444003	85.2112198102	19.2604155557	13.21	3.67368308787
1np_f14c1	0.14022517912	41.6335721597	27.8341862845	7.77277379734	33.04	0.241555783009
1np_f10d6	0.397016808282	5.49330266038	91.126488813	21.4636438969	7.34	1.02964639531
1np_f16g3	3.11506180524	10.7933049999	56.3803818212	15.5013956022	35.04	1.92661175029
1np_f8c1	0.274436353803	6.97809517132	91.0397532076	19.6622629982	7.78	3.48754519686
1np_f10b4	0.294150126997	8.92790812075	80.798923792	20.6668072162	17.68	4.84795550603
1np_f11d1	0.294834613198	5.81961131934	89.9775501749	17.5937256111	8.72	2.17271912667
1np_f16g5	2.04553923395	4.74121869423	89.8036831473	19.6738512228	7.46	0.78546353135
1np_f9g3	0.182601709152	18.0890470278	36.3273057379	9.91475108778	49.82	2.63781211849
1np_f17c2	2.56561822688	9.0875151666	77.6436549171	20.0302813469	16.33	1.44458617221
1np_f12e3	0.163940825169	12.2204223428	79.8577227839	17.4879971896	12.71	2.32347086147
1np_f18d2	0.186620729256	4.75547899321	95.0856541296	20.8976935592	3.98	0.553162982104
1np_f15d3	2.88684306792	30.549120026	66.1118562777	36.0758850547	28.45	22.3072389546
1np_f11a5	0.513118700779	6.75215244624	87.8718325376	18.9160239931	10.31	2.76961684417
1np_f16f1	3.8425816141	11.7372144495	54.0728005691	15.0995968698	35.73	1.8150739072
1np_f14g3	4.08219067101	13.1336965548	15.3413809167	5.02602637069	69.69	0.502298827294
1np_f5a4	2.72044217981	24.3035763979	27.3598756369	10.8568193377	46.99	1.34918578653
1np_f9b4	0.643689561121	9.95784775601	84.7696503843	22.0818249442	12.88	5.51748078354
1np_f7f5	0.669183750326	5.33222607403	91.204047934	21.2477911142	6.51	0.711671607489
1np_f12b2	0.250949880572	24.6172762364	59.9991937353	15.5115245457	19.17	4.53624663636
1np_f17b7	1.00732600733	10.1060343166	70.0510892616	17.4937343358	22.84	0.804896857528
1np_f18c3	0.44915341105	5.26124514271	81.6601902845	18.1860538798	15.82	0.476177163997
1np_f18b3	0.234326865777	5.3521468179	95.0963063218	21.6954356763	3.88	0.65045905845
1np_f15c3	1.4038693713	29.8185047344	81.4224279856	36.1673468166	12.39	19.1163704938
1np_f8b6	1.16642760379	24.655351024	44.7356363057	15.7114112678	36.19	5.42075065742
1np_f7g5	0.247742675211	4.40818165066	93.5228598923	20.9813476383	5.5	0.553837964006
1np_f6c4	0.172891794289	4.11973524026	94.3835742565	20.9147919672	4.89	0.535043836766
1np_f5b2	0.699493224297	8.14511935231	70.316403422	17.4251307726	23.66	0.586309918324
1np_f10a2	0.094123301525	15.685548068	44.4562376713	11.1145600737	43.29	1.89748570628
1np_f7a5	0.202741643339	3.61435863659	73.1300428124	16.1925736868	25.84	0.434299357813
1np_f16f2	0.335615106773	5.34221485506	91.1041532369	20.9513869704	7.67	0.737739304827
1np_f14g4	0.144728896897	2.60607861367	19.649583545	7.19810606424	78.03	0.415975769891
1np_f13c1	3.48797402115	4.75952932891	83.3484941851	18.8180404355	12.07	0.513512720444
1np_f6f2	0.471443304032	5.1790011295	90.7459608113	21.6196041841	7.18	0.670824534695
1np_f17b6	1.20123566599	13.4173050622	22.9688501229	7.00274486175	64.69	0.54036477013
1np_f8a4	0.836326167205	14.0714878803	60.6856674103	15.917207711	30.61	4.37070457478
1np_f9c5	0.290580018473	5.42969520232	41.3516122002	10.5439035274	57.5	3.23685384863
1np_f17a1	1.82595597882	13.0975171274	78.4714056654	19.2682571304	10.96	0.726884019241
1np_f8b4	6.55202995664	30.2985810012	45.2966101695	29.2116673236	37.62	20.7804493496
1np_f15g1	6.49991243944	10.4557040842	70.8715194676	17.453738836	16.62	1.01570252758
1np_f14g2	0.204221857465	3.550024812	19.0985609039	4.58926594648	78.12	0.1479177005
1np_f11c4	2.36470698196	8.34345889024	73.5842394409	17.5042319635	21.5	4.08241684062
1np_f5f1	10.6717269832	10.038853618	13.3924816246	14.2696921752	60.94	3.61098315676
1np_f11e4	2.61392643014	10.1272335121	78.4751766033	18.6200209747	16.36	4.98347745216
1np_f10d1	0.106480225818	4.06131653758	64.3723191594	13.5169614963	35.22	1.8222182041
1np_f5b4	1.9056349841	6.33423706333	79.1921043906	20.4987419298	15.98	1.37705045934
1np_f12d6	1.02318568128	11.9668664082	82.1025731406	17.181686445	10.21	2.38221125602
1np_f12c6	1.95396881505	17.4708377519	72.44707592	16.5439299321	13.22	2.62460233298
1np_f11e5	0.489973123837	6.54021087451	89.2516022328	18.8277858177	9.32	2.77341327269
1np_f5f2	7.31863017648	11.0119231482	35.443051008	16.0097609193	45.06	2.66263050596
