Sample	Reads_sequenced	Reads_mapped	Unique_reads_mapped	Percent_mapped_reads
1np_f7f6	1954835	1439382	1022464	73.63
1np_f5c1	1869547	1309746	807081	70.05
1np_f16e2	1699754	983289	505333	57.84
1np_f5g1	579986	43044	38035	7.42
1np_f5f4	1637147	1001320	611430	61.16
1np_f11f1	932785	700418	610250	75.08
1np_f11g4	1193988	757202	547199	63.41
1np_f12b3	1704124	1116556	839283	65.52
1np_f9f3	503336	341788	285997	67.90
1np_f17d4	3029142	2129361	1092550	70.29
1np_f14b4	21355	13373	13047	62.62
1np_f10f3	950855	589901	390085	62.03
1np_f12c4	1320538	468147	306715	35.45
1np_f7b4	1735061	1239347	872998	71.42
1np_f16e6	1811913	872179	594397	48.13
1np_f17f4	54500	28690	27845	52.64
1np_f8a2	1215127	549570	440729	45.22
1np_f8a5	763646	113461	107158	14.85
1np_f13a5	933618	622421	373312	66.66
1np_f17g4	764326	186616	135002	24.41
1np_f9c5	674509	200572	179189	29.73
water-control_f11h1	895695	19448	19259	2.17
1np_f5f2	679851	172279	100449	25.34
1np_f6c4	1661718	1233353	911658	74.22
1np_f6d3	1304338	912233	612026	69.93
1np_f16g6	1529611	1091985	810653	71.38
1np_f17c6	673794	232074	116574	34.44
1np_f15b2	3298537	312808	179889	9.48
1np_f6b3	1706405	1218256	755050	71.39
1np_f18g4	395661	226570	137373	57.26
1np_f10f6	205025	142712	102099	69.60
1np_f16f6	1596932	1156238	850485	72.40
water-control_f12h2	1091902	24602	24198	2.25
1np_f7e1	1002497	634386	381397	63.28
1np_f9b3	524727	100484	66462	19.14
1np_f7a6	2329394	1621572	1145683	69.61
1np_f17g3	1406670	598660	368919	42.55
1np_f7b2	1345606	507210	452326	37.69
1np_f11f5	1283406	927067	678095	72.23
1np_f14e3	956471	500183	303663	52.29
1np_f7e6	1701635	1314567	752329	77.25
1np_f7b6	1607953	1032577	708537	64.21
1np_f7e2	1380980	1019100	705985	73.79
1np_f6b4	1257589	922490	689649	73.35
1np_f10g2	1114463	762399	593259	68.40
1np_f6f3	774212	132569	129211	17.12
1np_f10e5	1755078	1356970	910160	77.31
1np_f12f2	1304192	766073	561755	58.73
1np_f11b3	900818	169244	145955	18.78
1np_f15f2	2702734	512261	298269	18.95
1np_f14b7	531236	364205	167517	68.55
1np_f15b4	1040255	698717	423079	67.16
1np_f12d4	1302946	660963	387313	50.72
1np_f13g1	802554	277624	170234	34.59
1np_f7f4	1815912	1311818	1015187	72.24
1np_f15a4	2208775	51332	50423	2.32
1np_f7d5	1484325	1153491	805867	77.71
1np_f10d6	161706	117238	86788	72.50
1np_f17c3	1650712	1020547	543548	61.82
1np_f15e6	2307854	1397857	691964	60.56
1np_f5b1	1151593	776000	503997	67.38
1np_f7b5	757061	174161	158423	23.00
1np_f17d5	1451309	202622	134202	13.96
1np_f11g1	812570	566867	426037	69.76
1np_f15a3	6560584	1638568	1059591	24.97
1np_f5b3	1088682	158939	139031	14.59
1np_f14f7	107556	61266	41951	56.96
1np_f5d1	1233101	868753	580610	70.45
1np_f14d5	672136	385202	214176	57.31
1np_f12c3	1841726	35599	33925	1.93
1np_f6e4	1262031	937410	672604	74.27
1np_f16c1	1482930	756581	533804	51.01
1np_f7e4	1470562	194522	136785	13.22
1np_f13d1	554770	375797	211291	67.73
1np_f16c7	1218869	635667	358606	52.15
1np_f14a4	496283	361752	211824	72.89
1np_f13f3	50723	14216	14069	28.02
1np_f15g3	984822	366300	230742	37.19
1np_f10f1	2355741	1706206	1405852	72.42
1np_f7a5	1554678	849703	587598	54.65
1np_f9b4	907419	595254	422365	65.59
1np_f16b7	1015342	710180	396911	69.94
1np_f8c2	1520117	376677	302892	24.77
1np_f12f5	1201583	755168	583103	62.84
1np_f18f1	861497	622353	399779	72.24
1np_f18g3	457302	195634	121118	42.78
1np_f11b5	1354420	1023716	844750	75.58
1np_f15e3	2641861	66805	61163	2.52
1np_f8d6	716619	136120	109467	18.99
1np_f8c4	1735747	1165173	789964	67.12
1np_f6e3	1141408	820895	599958	71.91
1np_f18a3	3416729	41065	40359	1.20
1np_f13g5	898610	606449	362481	67.48
1np_f11g5	930932	31124	29792	3.34
1np_f15b5	618518	338324	209016	54.69
1np_f13f5	34478	7811	7560	22.65
1np_f9b2	894745	628428	511193	70.23
1np_f13c3	77453	27532	26887	35.54
1np_f7c5	1403830	845410	522067	60.22
1np_f12b5	1555779	965928	582389	62.08
1np_f14f5	780895	532541	273027	68.19
1np_f13f1	720997	524748	332333	72.78
1np_f18a4	2170356	265912	186316	12.25
1np_f9b5	871754	415033	334688	47.60
1np_f18e3	386428	258405	160177	66.87
1np_f6d2	1431554	886201	701199	61.90
1np_f8f1	979968	583512	395898	59.54
1np_f11c2	933788	652538	568030	69.88
1np_f13c6	732126	498118	272510	68.03
1np_f12g4	1375736	540842	349826	39.31
1np_f14a3	1306623	721640	459215	55.22
1np_f14e6	780644	264931	169735	33.93
1np_f5f1	699028	56247	54678	8.04
1np_f17c2	1253572	736717	351253	58.76
1np_f9g3	862533	219347	189616	25.43
1np_f13d6	578412	389664	202673	67.36
1np_f10b5	1117677	779307	487043	69.72
1np_f11b4	1121438	716055	524035	63.85
1np_f10e3	1058689	363644	286361	34.34
1np_f10d2	999968	673151	558596	67.31
1np_f16a1	1328539	844022	527371	63.53
1np_f6f2	2036291	1405257	992857	69.01
1np_f13f2	625242	452895	287718	72.43
1np_f14d7	519878	315652	157364	60.71
1np_f8b1	737330	173521	133903	23.53
1np_f7a1	1117597	633818	337390	56.71
1np_f10b3	1108746	812831	636942	73.31
1np_f18f4	1170840	566924	277293	48.42
1np_f8b5	2062745	1473949	1117271	71.45
1np_f8c3	1945360	1189503	808441	61.14
1np_f10f4	798382	473784	330935	59.34
1np_f7c1	2049257	1510336	1108622	73.70
1np_f6a3	747519	87664	84641	11.72
1np_f14b5	118860	16552	15302	13.92
1np_f6a4	1568134	1122056	822869	71.55
1np_f10b6	698817	550603	376580	78.79
1np_f12g3	1353051	377056	190251	27.86
1np_f18b1	1606951	1170054	655747	72.81
1np_f12c6	1527660	944029	613065	61.79
1np_f15f4	1221405	936038	557040	76.63
1np_f16e3	1121306	415921	290253	37.09
1np_f15e2	1104117	724559	400062	65.62
1np_f18a1	551227	354762	271556	64.35
1np_f14c1	1074691	213748	167464	19.88
1np_f10f5	1833747	1108870	722347	60.47
1np_f17a3	1804561	614149	343059	34.03
1np_f7a2	1623145	1215463	1155611	74.88
1np_f10c3	1078184	741802	611500	68.80
1np_f11e4	808586	457393	311101	56.56
1np_f10a3	877666	569733	474998	64.91
1np_f14c7	660220	476178	350955	72.12
1np_f9a3	815397	567838	440875	69.63
1np_f18f3	280240	177901	128349	63.48
1np_f11e2	94901	14296	13957	15.06
1np_f11b1	857185	616527	504572	71.92
1np_f8b6	1305089	401159	229778	30.73
1np_f9c2	830123	468346	328390	56.41
1np_f8d1	32298	18353	17791	56.82
1np_f14d4	733070	494402	325231	67.44
1np_f16d1	877702	604852	381584	68.91
1np_f16e4	1763604	768969	416121	43.60
1np_f17a5	1331221	105098	79090	7.89
1np_f13b2	808885	598850	383562	74.03
1np_f16a3	1007989	595001	401012	59.02
1np_f11e5	1451093	1039165	773449	71.61
1np_f11a2	969152	662640	575135	68.37
1np_f17d3	1421085	183806	127463	12.93
1np_f9f4	1025726	652974	449359	63.65
1np_f15c8	996469	573172	293571	57.52
1np_f12d5	812511	391051	148173	48.12
1np_f10c5	11485609	96284	94697	.83
1np_f18g1	969218	597656	364435	61.66
1np_f11e6	1239014	890760	669717	71.89
1np_f10g4	1166704	680526	413483	58.32
1np_f8g4	1712646	1230640	907083	71.85
1np_f13g3	1076344	136718	106735	12.70
1np_f6b2	2453643	1608673	1123342	65.56
1np_f13c5	712107	454354	261300	63.80
1np_f12e1	2071256	1352238	954075	65.28
1np_f14f4	559981	414763	252892	74.06
1np_f6e2	1686399	1008047	752740	59.77
1np_f15a7	1879733	835919	551167	44.47
1np_f17a2	581324	135638	104898	23.33
1np_f15d7	1336201	859746	469738	64.34
water-control_f11h6	1052211	21269	20911	2.02
1np_f15d8	558235	389569	233278	69.78
1np_f16a4	2817304	1394988	941902	49.51
1np_f15d1	1174818	840393	514600	71.53
1np_f5e2	502610	100153	61333	19.92
1np_f18e2	1164587	363722	207831	31.23
1np_f10a2	898821	299491	270886	33.32
1np_f12b4	1317703	116002	95240	8.80
1np_f14c3	987377	642850	424647	65.10
1np_f9d5	833707	585713	403651	70.25
1np_f17f6	732952	406306	286428	55.43
1np_f8f2	757729	148405	91769	19.58
1np_f14g4	521661	67429	48562	12.92
1np_f8a4	1599371	770542	491317	48.17
1np_f15g5	639664	443964	271882	69.40
1np_f18c1	1174073	771694	498332	65.72
1np_f8f5	1614683	238412	190004	14.76
1np_f17a6	1242059	658243	339288	52.99
1np_f14c4	475411	327581	223293	68.90
1np_f9a4	748243	318652	240925	42.58
1np_f17b5	1708042	103451	69145	6.05
1np_f15d6	3281337	319587	232442	9.73
1np_f10e4	1554896	698768	438961	44.93
1np_f15b3	2615753	1047709	650408	40.05
1np_f10c4	776857	550843	381480	70.90
1np_f18b3	3168195	2405936	1197859	75.94
1np_f14g1	857269	541091	337220	63.11
1np_f17a4	1426352	162581	89971	11.39
1np_f5a4	833684	173556	113277	20.81
1np_f5b4	1435529	929520	506152	64.75
1np_f18b4	2227505	1595681	774542	71.63
1np_f12f6	1431395	917270	669215	64.08
1np_f11c1	870520	544380	412708	62.53
1np_f14d6	546336	409990	248494	75.04
1np_f16a6	1391137	940415	646893	67.60
1np_f16e7	1860946	1364476	754215	73.32
1np_f9e2	895296	642633	546474	71.77
1np_f17e3	662494	295664	216423	44.62
1np_f5b2	1372992	758998	516150	55.28
1np_f16d6	1721840	1261366	948567	73.25
1np_f16d5	2306485	1577700	961799	68.40
1np_f14b6	668828	479748	312089	71.72
1np_f17b3	1415785	305803	178784	21.59
1np_f13e4	1033816	198395	126889	19.19
1np_f15h3	1107061	78587	63321	7.09
1np_f13e2	400075	259754	161975	64.92
1np_f17a1	1234855	763527	397468	61.83
1np_f13a1	632618	225296	155239	35.61
1np_f9e6	825983	384781	252865	46.58
1np_f17e7	1518171	401823	222730	26.46
1np_f14e1	696752	9914	9790	1.42
1np_f10a6	846945	309251	187637	36.51
1np_f16a2	1767536	828105	564222	46.85
1np_f12e3	1434652	910825	637038	63.48
1np_f7g3	1243707	815507	578813	65.57
1np_f10a4	1338154	790758	576690	59.09
1np_f16f3	1297741	848221	505481	65.36
1np_f17g1	1069150	530640	389320	49.63
1np_f12a4	1363333	589401	397478	43.23
1np_f7c6	1623430	883633	491309	54.43
1np_f17e2	865054	568163	411806	65.67
1np_f14b3	10901478	7414750	2890106	68.01
water-control_f10h3	961482	25092	24430	2.60
1np_f9b6	910482	619227	447897	68.01
1np_f16f4	2619155	681758	380925	26.02
1np_f15g6	1255801	859205	493177	68.41
1np_f12e4	915361	539742	385519	58.96
1np_f12f4	1513384	946467	650056	62.53
1np_f11g3	841430	577201	452822	68.59
1np_f15d5	1866145	28897	27581	1.54
1np_f16d7	1539135	773384	435479	50.24
1np_f9a2	938044	507639	381705	54.11
1np_f14c6	353071	112520	81737	31.86
1np_f5e4	2036961	1257798	798417	61.74
1np_f15h7	425046	265187	167967	62.39
1np_f10e1	951314	471596	262133	49.57
1np_f11f4	985812	644255	463333	65.35
1np_f12a1	1348133	54114	52823	4.01
1np_f5e3	994985	441245	305063	44.34
1np_f7g1	1391266	1011517	619360	72.70
1np_f13d5	3111828	8411	8336	.27
1np_f7c2	1432493	685137	362061	47.82
1np_f12b6	1633039	320371	259187	19.61
1np_f16b3	1497921	755790	501230	50.45
1np_f15c3	1102443	500400	344347	45.39
1np_f17f1	1335945	775526	558405	58.05
1np_f17f2	1122972	722195	408334	64.31
1np_f12d6	1225577	750591	545587	61.24
1np_f18a2	1508788	131911	110393	8.74
1np_f15d3	1279350	393360	234404	30.74
1np_f13a2	928879	429296	275166	46.21
1np_f13b3	1036114	438051	292939	42.27
1np_f18f2	1396196	1015642	653345	72.74
1np_f8g3	1180547	305577	245300	25.88
1np_f6a2	2172189	1123209	827854	51.70
1np_f15g1	308357	172435	98529	55.92
1np_f15c7	675225	471960	298816	69.89
1np_f12c1	1454747	708363	499457	48.69
1np_f11a3	1174223	508192	407537	43.27
1np_f17b2	38107	15779	13536	41.40
1np_f13e6	921065	589317	350797	63.98
1np_f13d3	796237	339519	201252	42.64
1np_f11a1	841774	553548	442715	65.75
1np_f17f7	1003774	670887	357654	66.83
1np_f9d4	421515	49359	41285	11.70
1np_f12g5	1133780	101294	57533	8.93
1np_f17g6	1131231	470250	282149	41.56
1np_f7a3	1175669	475440	425562	40.43
1np_f15c2	5839191	1225753	652915	20.99
1np_f12d3	1526924	40396	25853	2.64
1np_f17d7	1501393	1049534	480554	69.90
1np_f13e1	915954	96534	75243	10.53
1np_f6f4	1674432	1132586	867516	67.64
1np_f7b3	1567566	947114	686240	60.41
1np_f13e5	2270708	38651	31197	1.70
1np_f9d3	844774	477974	413260	56.58
1np_f10d5	1002188	694261	412127	69.27
1np_f12e6	1005002	277877	164037	27.64
1np_f13c1	613421	374785	200028	61.09
1np_f17e1	2032245	1390369	933659	68.41
1np_f5g3	1210338	132251	96636	10.92
1np_f6g1	1623451	599986	457880	36.95
1np_f17e6	1144613	346734	149228	30.29
1np_f10d4	951277	17220	15188	1.81
1np_f14f3	785210	512364	269738	65.25
1np_f8f3	1220273	523742	435553	42.92
1np_f14g2	838304	127036	100400	15.15
1np_f13f4	1000486	469415	256989	46.91
1np_f16a5	1455767	415479	317544	28.54
1np_f16e1	2193633	1491633	789303	67.99
1np_f16b2	933298	552628	363805	59.21
1np_f16b4	1459613	780623	454946	53.48
1np_f14f6	714316	432199	223577	60.50
1np_f13g4	1188782	701458	416225	59.00
1np_f13d4	706816	499894	288085	70.72
1np_f14b1	1172611	890240	587491	75.91
1np_f10d1	1791867	886182	752183	49.45
1np_f13a6	1143348	91876	74715	8.03
1np_f15a6	13187059	8137584	3224487	61.70
1np_f10b1	1353084	514057	204248	37.99
1np_f16c6	1163800	742702	478417	63.81
1np_f15b7	1936255	1292247	775627	66.73
1np_f11f2	1022244	759004	556204	74.24
1np_f10c2	426674	265879	208359	62.31
1np_f17g2	2792749	97280	77822	3.48
1np_f9c3	604358	64638	58823	10.69
1np_f11b6	952119	36416	32604	3.82
1np_f13e3	1656205	20074	18085	1.21
1np_f15c1	644666	316050	163552	49.02
1np_f3f1	1837008	620984	479233	33.80
1np_f15c6	1041898	572922	367541	54.98
1np_f13a4	547566	232897	161466	42.53
1np_f13c2	1346086	422078	278473	31.35
1np_f16f2	2052344	1477285	835932	71.98
1np_f11e3	953031	707142	565902	74.19
1np_f15g8	823940	527424	327153	64.01
1np_f12a2	1729436	957340	704241	55.35
1np_f14a7	660453	476532	221658	72.15
1np_f11d1	726504	478753	409629	65.89
1np_f11a4	1201675	766521	648622	63.78
1np_f7b1	1694778	1141046	785471	67.32
1np_f18b2	1406403	999465	578094	71.06
1np_f14a1	653202	405574	253951	62.09
1np_f11c3	1075661	680891	507573	63.29
1np_f14e2	652549	399267	251893	61.18
1np_f15h1	457710	275617	168889	60.21
1np_f10g3	874803	84309	73892	9.63
1np_f14b2	485081	231965	151376	47.81
1np_f12d1	922119	51452	44951	5.57
1np_f11b2	1120012	797963	655917	71.24
1np_f8e6	1123966	693550	592261	61.70
1np_f11d6	1195907	877937	676063	73.41
1np_f7d6	2155937	1350963	946498	62.66
1np_f16c5	540377	369030	302056	68.29
1np_f18e4	374484	37112	28892	9.91
1np_f13c4	1275666	901679	472986	70.68
1np_f10c1	1476019	1015070	790163	68.77
1np_f5a3	1510804	55436	53446	3.66
1np_f15a2	704935	81265	62607	11.52
1np_f15e8	372830	257191	164122	68.98
1np_f8f4	1456632	1045074	736249	71.74
1np_f7f1	1361428	1003071	664001	73.67
1np_f18d1	967608	648434	373139	67.01
1np_f7g2	1586171	1002486	721863	63.20
1np_f10e2	2275425	1511845	1096180	66.44
1np_f8a3	1012158	252135	223392	24.91
1np_f6g3	1701711	1183864	893892	69.56
1np_f18e1	2156083	1644287	943175	76.26
1np_f13b4	1013759	754802	433600	74.45
1np_f17d1	1617000	1155232	777926	71.44
1np_f9f6	771811	283792	195622	36.76
1np_f15b8	1156978	781211	461871	67.52
1np_f16b6	1302013	926491	663782	71.15
1np_f5a2	941206	189979	144448	20.18
1np_f15f1	1727670	1129907	546909	65.40
1np_f5c3	2282334	612326	358460	26.82
1np_f12g1	1266005	701168	472244	55.38
1np_f9e3	620679	424937	353190	68.46
1np_f15f7	3353141	662033	428795	19.74
1np_f12c2	1345834	815461	626193	60.59
1np_f13b1	929162	373109	245965	40.15
1np_f16g4	1647098	635817	405639	38.60
1np_f18d4	2100971	218762	146272	10.41
1np_f9g2	929066	575888	438815	61.98
1np_f14d2	1520709	431397	272839	28.36
1np_f12d2	1269380	36725	34284	2.89
1np_f14a5	904121	393217	214327	43.49
1np_f14f2	1283748	169585	105776	13.21
1np_f8g2	994067	618271	469912	62.19
1np_f16g1	2166583	1446842	856762	66.77
1np_f15g7	2994426	2015991	1073993	67.32
1np_f16d4	384711	203234	139950	52.82
1np_f8d3	1936797	1308079	988734	67.53
1np_f14a2	862188	469201	257817	54.41
1np_f14a6	871033	590404	355084	67.78
1np_f16f5	1393578	814921	515967	58.47
1np_f14g6	976394	21090	19464	2.15
1np_f8e5	123568	17203	16681	13.92
1np_f17b4	1092458	30590	27919	2.80
1np_f18d3	3087832	46855	37709	1.51
1np_f15f8	1974521	1357267	720833	68.73
1np_f5c2	2077317	1528345	1016714	73.57
1np_f8c1	1896975	1405394	1089424	74.08
1np_f8e2	850528	590269	464834	69.40
1np_f7d2	1522180	1077182	875734	70.76
1np_f9b1	720003	356978	266699	49.58
1np_f9g4	850754	497572	336910	58.48
1np_f17c5	1276789	50150	40470	3.92
1np_f10a5	866075	459784	282045	53.08
1np_f15e5	814348	560060	331766	68.77
1np_f8e3	899962	329318	262877	36.59
1np_f15b1	1862041	1165073	597211	62.56
1np_f11c5	825823	83246	60118	10.08
1np_f13f6	925094	627117	363065	67.78
1np_f9e1	496829	43572	38636	8.77
1np_f17c1	1263592	431060	270576	34.11
1np_f9f2	1175795	808495	626326	68.76
1np_f5d4	1939616	1325060	866315	68.31
1np_f15a8	595469	230489	168515	38.70
1np_f14e5	1923491	17284	13014	.89
1np_f7d4	1189384	827176	613876	69.54
1np_f15h5	714320	499145	308558	69.87
1np_f9c4	818941	538027	431577	65.69
1np_f17g5	1161814	706310	398885	60.79
1np_f17c4	1013455	223456	170836	22.04
1np_f9g5	4183303	2467384	1496661	58.98
1np_f7g5	1562907	1093648	775018	69.97
1np_f17f3	1637372	1020409	604311	62.31
1np_f12g2	1151210	594612	409242	51.65
1np_f11a5	1470411	1043893	756772	70.99
1np_f15f3	1272273	563549	367362	44.29
1np_f9f1	1068421	648127	383987	60.66
1np_f17d6	952041	597527	338065	62.76
1np_f12a6	1358290	762166	547716	56.11
1np_f16g2	2999376	180911	149513	6.03
1np_f15d4	377376	226662	138167	60.06
1np_f14d1	708850	323514	181009	45.63
1np_f12b2	1289893	585475	379893	45.38
1np_f11f6	1168830	841809	594251	72.02
1np_f11a6	1425138	960524	686398	67.39
1np_f16g5	1937580	1346212	910259	69.47
1np_f14e7	655482	329425	174160	50.25
1np_f7a4	1386229	916740	630474	66.13
1np_f7f3	1762657	1277423	949817	72.47
1np_f11d2	775112	555622	442826	71.68
1np_f8c6	1403617	1056767	806573	75.28
1np_f14g5	637023	405839	226680	63.70
1np_f11g2	520025	27728	26782	5.33
1np_f7f2	1540152	321661	244341	20.88
1np_f15f5	3209522	1995561	987468	62.17
1np_f12f1	1374033	927312	654231	67.48
1np_f17b7	1244873	663182	411164	53.27
1np_f8b2	1476623	1030304	823047	69.77
1np_f9e4	631768	263716	199403	41.74
1np_f17e5	668127	132617	92354	19.84
1np_f17b6	1045582	169112	80348	16.17
1np_f11f3	747911	38951	36349	5.20
1np_f17a7	1193646	830804	494857	69.60
1np_f10g1	6441019	4267466	2975628	66.25
1np_f12c5	1397511	79803	47736	5.71
1np_f13b5	1108243	761518	401483	68.71
1np_f6g2	2477310	1822024	1237839	73.54
1np_f15a5	3259790	1296065	722125	39.75
1np_f15e4	1032070	681767	391646	66.05
1np_f9a5	1031383	647035	451901	62.73
1np_f6c2	1939133	1022481	638750	52.72
1np_f14g3	592471	57685	49122	9.73
1np_f16e5	981999	344242	248900	35.05
1np_f10b4	1195302	765507	520075	64.04
1np_f11c6	1025440	712861	493953	69.51
1np_f15b6	1121842	370861	258261	33.05
1np_f17c7	1382617	589966	362404	42.67
1np_f10b2	1002409	725839	603584	72.40
1np_f12b1	1496528	966496	628011	64.58
1np_f17b1	1529379	588293	422487	38.46
1np_f9a6	31888	15856	15770	49.72
1np_f14c2	1342993	151631	101640	11.29
1np_f9g1	836187	482246	355568	57.67
1np_f7g4	1081351	98720	80081	9.12
1np_f7c3	2041509	1422370	946020	69.67
1np_f12a5	1257788	34845	33478	2.77
1np_f5d3	1205166	214005	135792	17.75
1np_f8d5	1092745	775855	528124	71.00
1np_f15e1	873727	531097	321153	60.78
1np_f13d2	651761	463577	296088	71.12
1np_f16c3	1253907	893827	572104	71.28
1np_f9d1	744570	431679	306144	57.97
1np_f16d2	1289318	501075	285947	38.86
1np_f9d2	723651	444987	327826	61.49
1np_f7d3	2047826	1535779	1436019	74.99
1np_f15c5	581761	356261	222639	61.23
1np_f14f1	647974	457183	258130	70.55
1np_f18c4	3115476	2253925	908453	72.34
1np_f13a3	2626779	712171	426939	27.11
1np_f16b5	1674160	792651	512969	47.34
1np_f11c4	1251777	754578	443124	60.28
1np_f16c4	1690397	1250161	742969	73.95
1np_f12a3	1716982	226100	152295	13.16
1np_f11d3	1078980	760400	630656	70.47
1np_f8b3	678749	50197	41902	7.39
1np_f10d3	1434861	430566	327360	30.00
1np_f11d5	977943	31333	27561	3.20
1np_f7d1	1701867	1244041	872598	73.09
1np_f8f6	957988	67395	63192	7.03
1np_f18c2	1510142	991908	629530	65.68
1np_f16d3	1439146	940163	557366	65.32
1np_f12e2	1048535	31302	29846	2.98
1np_f13g2	507387	33567	29988	6.61
1np_f14c5	979286	729428	484026	74.48
1np_f9a1	792893	562162	491916	70.90
1np_f11e1	607864	349954	255823	57.57
1np_f8a6	1417284	990472	801824	69.88
1np_f17e4	31352	9109	8988	29.05
1np_f9e5	490302	283723	257881	57.86
1np_f17f5	2037731	1270827	679158	62.36
1np_f9d6	500804	314873	236424	62.87
1np_f8e4	1510889	1057872	749741	70.01
1np_f16f1	1619319	635864	432307	39.26
1np_f10g5	57862	21937	18608	37.91
1np_f9c6	474982	62752	48618	13.21
1np_f15e7	582452	408277	265645	70.09
1np_f6d4	1165253	660264	475112	56.66
1np_f7f5	1346258	984611	616461	73.13
1np_f8a1	1407692	843077	626956	59.89
1np_f11d4	990246	648759	448550	65.51
1np_f18d2	1044897	776393	560122	74.30
1np_f8g1	910939	534421	453112	58.66
1np_f5g2	1169754	763002	441520	65.22
1np_f8d4	1759522	1240216	923112	70.48
1np_f17d2	707620	278976	210340	39.42
1np_f15g2	187078	12504	12414	6.68
1np_f8d2	840464	382698	264235	45.53
1np_f16c2	1644291	97681	74671	5.94
1np_f16b1	1333287	751446	515671	56.36
1np_f15g4	514009	333177	177382	64.81
1np_f14d3	799032	473762	220437	59.29
1np_f16f7	2145724	1403048	841572	65.38
1np_f14e4	1176848	788286	369616	66.98
1np_f9c1	968961	619141	480392	63.89
1np_f8g5	2061914	1488085	1172079	72.17
water-control_f12h3	1476975	28238	27521	1.91
1np_f12e5	860927	444600	297756	51.64
1np_f15d2	2342607	1773384	870785	75.70
1np_f15f6	1149611	694851	397872	60.44
1np_f15c4	1482024	664308	394785	44.82
1np_f5c4	1773669	243861	196231	13.74
1np_f7e3	791862	82676	62979	10.44
1np_f8b4	710355	145155	81086	20.43
1np_f7c4	1461260	1086541	707164	74.35
1np_f16a7	2120156	1335534	602150	62.99
1np_f10e6	1616007	877092	465052	54.27
1np_f10f2	1111588	769895	585809	69.26
1np_f12f3	1771521	27209	25917	1.53
1np_f8e1	867235	435168	352665	50.17
1np_f16g3	925403	380373	241555	41.10
1np_f13b6	1186817	659982	377202	55.60
1np_f9f5	140070	69251	66484	49.44
1np_f7e5	1135787	756240	558429	66.58
1np_f8c5	1369248	748500	590237	54.66
1np_f18c3	536564	345192	231976	64.33
1np_f10c6	583824	355185	227956	60.83
