Sample	avg_quality	dinucleotide_repeats	mononucleotide_repeats
1np_f17e4	31.4862528706	0.0	0.0
1np_f18g4	36.69889375	0.0	0.0
1np_f9e5	30.5484374936	0.0	0.0
1np_f17b6	36.4371900052	0.0	0.0
1np_f8e2	32.9401689304	0.0	0.0
1np_f6d2	36.5696536771	0.0	0.0
1np_f15f5	36.0769454143	0.0	0.0
1np_f11f4	33.0547457325	0.0	0.0
1np_f10g5	35.469081608	0.0	0.0
1np_f15g1	36.1685805738	0.0	0.0
1np_f5e2	35.6836433815	0.0	0.0
1np_f10a2	32.1426746816	0.0	0.0
1np_f13c2	35.24920696	0.0	0.0
1np_f11e5	33.1500262216	0.0	0.0
1np_f8g5	33.1603631383	0.0	0.0
1np_f14f7	36.2631931273	0.0	0.0
1np_f14d1	36.5510912041	0.0	0.0
1np_f14b5	35.7378428403	0.0	0.0
1np_f15g3	27.5690419182	0.0	0.0
1np_f6c2	36.0775387764	0.0	0.0
1np_f16a2	34.9009230929	0.0	0.0
1np_f15c5	36.2492793432	0.0	0.0
1np_f13d1	37.4738720551	0.0	0.0
1np_f8f2	31.3146547116	0.0	0.0
1np_f17c4	36.7031678762	0.0	0.0
1np_f15h5	36.9275646769	0.0	0.0
1np_f12e4	32.8519032382	0.0	0.0
1np_f8c1	33.0607604212	0.0	0.0
1np_f18g1	36.6469906667	0.0	0.0
1np_f7f6	37.7020009361	0.0	0.0
1np_f18d2	36.8995010992	0.0	0.0
1np_f13b6	37.4928763238	0.0	0.0
1np_f13e5	31.9963650104	0.0	0.0
1np_f12f5	32.855427382	0.0	0.0
1np_f8e4	33.2068834971	0.0	0.0
1np_f6a4	37.7214842609	0.0	0.0
1np_f11a5	33.0347555887	0.0	0.0
1np_f7a2	37.7296988254	0.0	0.0
1np_f8f4	33.0585521944	0.0	0.0
1np_f14a1	37.5097427748	0.0	0.0
1np_f12g1	32.6912310773	0.0	0.0
1np_f16d2	36.6563617354	0.0	0.0
1np_f13d2	37.6126494221	0.0	0.0
1np_f12d1	32.5687552257	0.0	0.0
1np_f11d3	33.1311460824	0.0	0.0
1np_f10d6	36.5687976946	0.0	0.0
1np_f10f3	32.3014939186	0.0	0.0
1np_f11b2	33.2265707867	0.0	0.0
1np_f10f5	36.7322956766	0.0	0.0
1np_f15f7	36.8084512402	0.0	0.0
1np_f17a6	37.0308069101	0.0	0.0
1np_f9a5	31.9459715741	0.0	0.0
1np_f14c1	37.4330361006	0.0	0.0
1np_f16b1	36.3867111882	0.0	0.0
1np_f15f8	36.8228689388	0.0	0.0
1np_f16a5	37.1814740958	0.0	0.0
1np_f10e1	32.3219862212	0.0	0.0
1np_f16g1	37.2073315446	0.0	0.0
1np_f7a3	37.4155378767	0.0	0.0
1np_f17g6	37.2034535829	0.0	0.0
1np_f17d2	34.5590825584	0.0	0.0
1np_f9f5	28.1182551581	0.0	0.0
1np_f16d1	37.2046731123	0.0	0.0
1np_f14d5	37.4924568837	0.0	0.0
1np_f7e2	37.684649307	0.0	0.0
1np_f6a2	36.5701980813	0.0	0.0
1np_f11g5	31.2503845608	0.0	0.0
1np_f5c3	27.3983207541	0.0	0.0
1np_f9g1	31.3262165042	0.0	0.0
1np_f16a1	37.1811350664	0.0	0.0
1np_f14f3	37.440795456	0.0	0.0
1np_f17a5	37.1926164025	0.0	0.0
1np_f7b6	37.6626425026	0.0	0.0
1np_f8f5	32.6861823652	0.0	0.0
1np_f18c1	36.7636135061	0.0	0.0
1np_f16b5	36.9993752091	0.0	0.0
1np_f15c7	36.5194090859	0.0	0.0
1np_f15b8	36.7672946244	0.0	0.0
1np_f15a2	36.0515763865	0.0	0.0
1np_f16f2	37.4365311078	0.0	0.0
1np_f8c6	33.0637673952	0.0	0.0
1np_f14g3	35.4956580153	0.0	0.0
1np_f14e3	35.980192813	0.0	0.0
1np_f14d2	34.4809703895	0.0	0.0
1np_f8c5	32.9826262299	0.0	0.0
1np_f16g2	31.0625560117	0.0	0.0
1np_f18e1	36.7606353744	0.0	0.0
1np_f12c6	32.7620255816	0.0	0.0
1np_f14d4	37.6312712292	0.0	0.0
1np_f8b4	31.4624814353	0.0	0.0
1np_f17a4	37.2986612	0.0	0.0
1np_f7a1	37.0217735015	0.0	0.0
1np_f8e1	32.3037204449	0.0	0.0
1np_f17f2	36.7391092565	0.0	0.0
1np_f9d1	31.6563076675	0.0	0.0
1np_f12g2	32.857548145	0.0	0.0
1np_f16e7	37.5380607497	0.0	0.0
1np_f14f4	37.6363894489	0.0	0.0
1np_f14c2	32.9935338457	0.0	0.0
1np_f9a6	28.5635035123	0.0	0.0
1np_f13a2	36.2455863466	0.0	0.0
1np_f7b1	37.7196075238	0.0	0.0
1np_f17a2	34.9403551204	0.0	0.0
1np_f12c2	32.8670474962	0.0	0.0
1np_f11f5	32.8070509254	0.0	0.0
1np_f17c6	35.7203670558	0.0	0.0
1np_f18b4	36.668563258	0.0	0.0
1np_f16f4	37.555687235	0.0	0.0
1np_f15d3	27.596911713	0.0	0.0
1np_f14e1	37.2614847177	0.0	0.0
1np_f17d6	37.1255313584	0.0	0.0
1np_f9f1	32.1964150836	0.0	0.0
1np_f15e5	36.4747159691	0.0	0.0
1np_f6e3	36.8154235821	0.0	0.0
1np_f10c1	33.0755776179	0.0	0.0
1np_f9d2	31.7080429655	0.0	0.0
1np_f17f1	37.3887907062	0.0	0.0
1np_f11e4	32.9532814073	0.0	0.0
1np_f8a3	32.6250249467	0.0	0.0
1np_f14a5	35.8297174825	0.0	0.0
1np_f7f3	37.5009550922	0.0	0.0
1np_f13c1	37.3308021734	0.0	0.0
1np_f16e3	34.9766593597	0.0	0.0
1np_f14d3	37.2412982208	0.0	0.0
1np_f13e4	33.6921986117	0.0	0.0
1np_f15f2	36.7258561146	0.0	0.0
1np_f11d6	33.1247973296	0.0	0.0
1np_f15e4	36.8355770442	0.0	0.0
1np_f12c4	32.8435842058	0.0	0.0
1np_f15a7	36.4760133487	0.0	0.0
1np_f13d5	32.762931306	0.0	0.0
1np_f10d3	32.4930484556	0.0	0.0
1np_f18b2	36.8585049947	0.0	0.0
1np_f10c2	31.5685558529	0.0	0.0
1np_f11g3	32.6763676123	0.0	0.0
1np_f15g4	36.6610137177	0.0	0.0
1np_f5f2	35.4657314617	0.0	0.0
1np_f10f1	33.2603320993	0.0	0.0
1np_f13b4	37.5693572141	0.0	0.0
1np_f11b4	33.10792215	0.0	0.0
1np_f13f1	37.6981651796	0.0	0.0
1np_f5a3	31.2808392088	0.0	0.0
1np_f15a5	36.7336840717	0.0	0.0
1np_f17d7	37.3763265181	0.0	0.0
1np_f15f6	36.6263344731	0.0	0.0
1np_f9d4	27.6606455286	0.0	0.0
1np_f17f7	37.5028871041	0.0	0.0
1np_f8e3	32.5606925626	0.0	0.0
1np_f10d2	32.389780473	0.0	0.0
1np_f12a5	32.6435384977	0.0	0.0
1np_f13f4	37.662467041	0.0	0.0
1np_f15b1	36.7800295482	0.0	0.0
1np_f9a1	32.2576753736	0.0	0.0
1np_f14c5	37.5293673146	0.0	0.0
1np_f17f4	35.1043853211	0.0	0.0
1np_f14c6	36.9124538691	0.0	0.0
1np_f9a2	31.7618970965	0.0	0.0
1np_f15e7	36.6941996937	0.0	0.0
1np_f18d4	31.5070274649	0.0	0.0
1np_f5c2	36.4885161966	0.0	0.0
1np_f6f3	32.5997155818	0.0	0.0
1np_f15d1	36.8066977183	0.0	0.0
1np_f10d1	33.1975191239	0.0	0.0
1np_f10a4	32.7946215458	0.0	0.0
1np_f10e4	27.1641331639	0.0	0.0
1np_f17c3	37.149077489	0.0	0.0
1np_f9g2	31.5475262253	0.0	0.0
1np_f7d6	37.7200284609	0.0	0.0
1np_f9c3	28.644839648	0.0	0.0
1np_f17g2	31.4952450077	0.0	0.0
1np_f14a2	37.4307772783	0.0	0.0
1np_f13b3	27.0021879832	0.0	0.0
1np_f13f6	37.5156448966	0.0	0.0
1np_f7b4	37.6049862224	0.0	0.0
1np_f14g1	37.6136825197	0.0	0.0
1np_f11c6	32.6959519816	0.0	0.0
1np_f10f4	37.4211592947	0.0	0.0
1np_f13g5	37.5558673952	0.0	0.0
1np_f11c5	31.1466452254	0.0	0.0
1np_f17e6	35.0759304673	0.0	0.0
1np_f5g3	25.5254061262	0.0	0.0
1np_f11e3	33.1741905562	0.0	0.0
1np_f18f3	35.6666321724	0.0	0.0
1np_f15f3	27.5715495023	0.0	0.0
1np_f7d5	37.7039475856	0.0	0.0
1np_f7g5	37.5512221776	0.0	0.0
1np_f5e4	36.4016488288	0.0	0.0
1np_f17g1	37.0514558294	0.0	0.0
1np_f7a4	37.5222845576	0.0	0.0
1np_f14g2	37.2376631866	0.0	0.0
1np_f17b1	34.9400828702	0.0	0.0
1np_f18f1	36.8702340229	0.0	0.0
1np_f10d5	36.7746181355	0.0	0.0
1np_f16f6	37.3546945017	0.0	0.0
1np_f16c5	37.4733935752	0.0	0.0
1np_f14g4	33.8979701377	0.0	0.0
1np_f14d6	37.4710214959	0.0	0.0
1np_f15g8	36.7607070903	0.0	0.0
1np_f11d4	33.2023042759	0.0	0.0
1np_f16f7	37.4378172589	0.0	0.0
1np_f11f2	32.9473051444	0.0	0.0
1np_f14b6	37.5899588534	0.0	0.0
1np_f8g3	31.6924069944	0.0	0.0
1np_f16e1	37.4662160899	0.0	0.0
1np_f14e7	37.4330446908	0.0	0.0
1np_f9e1	28.2201401287	0.0	0.0
1np_f10a6	31.8679713559	0.0	0.0
water-control_f10h3	31.9690800244	0.0	0.0
water-control_f12h2	31.7924520699	0.0	0.0
1np_f13e3	31.2233847863	0.0	0.0
1np_f8g1	33.0498463673	0.0	0.0
1np_f15c3	28.6464198149	0.0	0.0
1np_f17c1	36.5322564562	0.0	0.0
1np_f17b2	34.2784265358	0.0	0.0
1np_f8d5	32.9114029348	0.0	0.0
1np_f8b6	31.340146151	0.0	0.0
1np_f9d3	32.6879579627	0.0	0.0
1np_f9b4	32.0026073953	0.0	0.0
1np_f11f3	31.0974500977	0.0	0.0
1np_f14c3	37.1458703211	0.0	0.0
1np_f15h1	36.6270083677	0.0	0.0
1np_f13d6	37.3743594531	0.0	0.0
1np_f15b3	27.3901606918	0.0	0.0
1np_f18e3	36.5838112145	0.0	0.0
1np_f17a7	37.4462512336	0.0	0.0
1np_f15d4	36.5761177181	0.0	0.0
1np_f6e2	36.8873558393	0.0	0.0
1np_f15c2	36.3045889405	0.0	0.0
1np_f17g3	36.5651375234	0.0	0.0
1np_f7a6	37.5548842317	0.0	0.0
1np_f12c1	32.7452093044	0.0	0.0
1np_f16c1	35.6308638978	0.0	0.0
1np_f10a3	33.1244892704	0.0	0.0
1np_f13f3	29.2806813477	0.0	0.0
1np_f3f1	37.4506757728	0.0	0.0
1np_f10g1	32.9836990079	0.0	0.0
1np_f12e2	31.5774599799	0.0	0.0
1np_f17f3	37.2969386309	0.0	0.0
1np_f7f1	37.4848232885	0.0	0.0
1np_f17a1	37.2879674132	0.0	0.0
1np_f10b5	37.5933789458	0.0	0.0
1np_f15g2	35.2625001336	0.0	0.0
1np_f13c4	37.4281128446	0.0	0.0
1np_f7e4	33.1261524506	0.0	0.0
1np_f15c1	36.4091498543	0.0	0.0
1np_f10c3	33.2216495515	0.0	0.0
1np_f17e7	36.997737409	0.0	0.0
1np_f12a6	32.7897069109	0.0	0.0
1np_f5a4	35.8793691615	0.0	0.0
1np_f17a3	37.5540522044	0.0	0.0
1np_f15b5	36.5400214707	0.0	0.0
1np_f6b3	36.7634143125	0.0	0.0
1np_f5a2	36.2982556422	0.0	0.0
1np_f5b3	24.4566879952	0.0	0.0
1np_f10g2	32.4909306096	0.0	0.0
1np_f17e5	36.3706241478	0.0	0.0
1np_f9e4	31.4942795457	0.0	0.0
1np_f12f2	32.6939890752	0.0	0.0
1np_f7c1	37.468970461	0.0	0.0
1np_f15b4	36.779920308	0.0	0.0
1np_f16c4	37.5586326762	0.0	0.0
1np_f14f2	37.0393753291	0.0	0.0
1np_f14c4	37.5318850426	0.0	0.0
1np_f8b1	32.3893738218	0.0	0.0
1np_f14a3	37.189134892	0.0	0.0
1np_f15d8	36.5230431628	0.0	0.0
1np_f7d2	37.6747730229	0.0	0.0
1np_f12d3	32.9104762254	0.0	0.0
1np_f13g2	37.7115416832	0.0	0.0
1np_f13a3	25.9174981984	0.0	0.0
1np_f11c1	32.8629623673	0.0	0.0
1np_f18a1	36.4922345966	0.0	0.0
1np_f12f4	33.0141371919	0.0	0.0
1np_f5f1	35.0892324771	0.0	0.0
1np_f15d5	36.8447950186	0.0020673529	0.0
1np_f12f1	33.0627386678	0.0	0.0
1np_f16b3	34.8596922001	0.0	0.0
1np_f14b1	37.6759982637	0.0	0.0
1np_f8e5	32.0552165609	0.0	0.0
1np_f7a5	37.6094573925	0.0	0.0
1np_f12d4	32.9969185216	0.0	0.0
1np_f7c2	36.8536390754	0.0	0.0
1np_f13e6	37.4121381227	0.0	0.0
1np_f16c3	36.507114164	0.0	0.0
1np_f12d2	32.8384014243	0.0	0.0
1np_f15a4	36.9018623445	0.0	0.0
1np_f11a2	33.0636566813	0.0	0.0
1np_f5d4	36.7677777457	0.0	0.0
1np_f16a3	36.1092670654	0.0	0.0
1np_f7f4	37.55738549	0.0	0.0
1np_f6d3	36.7436653689	0.0	0.0
1np_f15e2	36.7175326528	0.0	0.0
1np_f16e5	36.9183848456	0.0	0.0
1np_f18f2	36.8118287117	0.0	0.0
1np_f8e6	33.3407256091	0.0	0.0
1np_f12g4	31.6638126792	0.0	0.0
1np_f8a5	32.6760553974	0.0	0.0
1np_f12f3	32.7241748757	0.0	0.0
1np_f16f1	35.9359570288	0.0	0.0
1np_f9c2	31.1179319209	0.0	0.0
1np_f10e5	36.8970940323	0.0	0.0
1np_f7g1	37.4223426721	0.0	0.0
1np_f5b1	36.7081946486	0.0	0.0
1np_f15d6	36.4826304034	0.0	0.0
1np_f10e6	36.5421350279	0.0	0.0
1np_f16g5	37.4707728197	0.0	0.0
1np_f14e5	31.7788858903	0.0	0.0
1np_f8c4	33.1949368197	0.0	0.0
1np_f5f4	36.4856277414	0.0	0.0
1np_f9e6	31.8352702174	0.0	0.0
1np_f8f3	32.8728948358	0.0	0.0
1np_f9b5	31.6722515756	0.0	0.0
1np_f15f1	36.7021746051	0.0	0.0
1np_f16e6	37.1961131688	0.0	0.0
1np_f7e1	37.5668515716	0.0	0.0
1np_f11c3	32.7873716719	0.0	0.0
1np_f12b1	33.0827568879	0.0	0.0
1np_f14e6	34.9008728691	0.0	0.0
1np_f12d5	32.5590385853	0.0	0.0
1np_f6g1	36.7216060109	0.0	0.0
1np_f8d1	29.9507090222	0.0	0.0
1np_f18a3	30.4956623718	0.0	0.0
1np_f13a1	37.6157586411	0.0	0.0
1np_f11a4	33.2276921797	0.0	0.0
1np_f16d5	37.395492275	0.0	0.0
1np_f16c6	37.0890599759	0.0	0.0
1np_f16f3	36.3092966933	0.0	0.0
1np_f8g4	33.1835732545	0.0	0.0
1np_f6c4	37.5062706187	0.0	0.0
1np_f13b5	37.4971896958	0.0	0.0
1np_f13e1	32.4864370918	0.0	0.0
1np_f11b6	31.3179255954	0.0	0.0
1np_f10b4	32.6706254988	0.0	0.0
1np_f5b4	36.0770559146	0.0	0.0
1np_f13c6	37.3648183509	0.0	0.0
1np_f14e2	37.3628355878	0.0	0.0
1np_f9b6	32.4053534282	0.0	0.0
water-control_f11h6	33.2600305452	0.0	0.0
1np_f16g3	35.5434691696	0.0	0.0
water-control_f12h3	32.1083051507	0.0	0.0
1np_f15c8	36.4996442438	0.0	0.0
1np_f17b3	36.5452099012	0.0	0.0
1np_f10c5	36.9013212969	0.0	0.0
1np_f16f5	37.1883812747	0.0	0.0
1np_f11f1	33.2431224773	0.0	0.0
1np_f6b2	36.7294736846	0.0	0.0
1np_f17c5	37.1618505485	0.0	0.0
1np_f17f5	37.35876865	0.0	0.0
1np_f16b7	37.2857628267	0.0	0.0
1np_f12g3	33.0256353973	0.0	0.0
1np_f7c3	37.2551945644	0.0	0.0
1np_f13d4	37.5620925389	0.0	0.0
1np_f16d6	37.3361589927	0.0	0.0
1np_f6a3	36.1857745422	0.0	0.0
1np_f10f6	36.7723741007	0.0	0.0
1np_f10b6	36.6964827702	0.0	0.0
1np_f11b5	33.057620236	0.0	0.0
1np_f13c5	37.4388287153	0.0	0.0
1np_f12g5	32.7388082344	0.0	0.0
1np_f7d1	37.6791829209	0.0	0.0
1np_f15g6	36.8326589961	0.0	0.0
1np_f11b3	32.753347513	0.0	0.0
1np_f13c3	29.7976579345	0.0	0.0
1np_f12e1	33.0924125265	0.0	0.0
1np_f18g3	36.2581423217	0.0	0.0
1np_f11d1	33.2606592668	0.0	0.0
1np_f10b1	32.1689806398	0.0	0.0
1np_f9g5	32.0235832786	0.0	0.0
1np_f7e6	37.5888366189	0.0	0.0
1np_f14e4	37.4948498022	0.0	0.0
1np_f16e4	36.739078614	0.0	0.0
1np_f9c6	29.2854908186	0.0	0.0
1np_f15a6	36.6623065082	0.0	0.0
1np_f15b2	35.549295036	0.0	0.0
1np_f17f6	37.4109300473	0.0	0.0
1np_f9d5	31.9571768019	0.0	0.0
1np_f12f6	33.0291233377	0.0	0.0
1np_f12b5	32.8437200913	0.0	0.0
1np_f13a4	37.4792390324	0.0	0.0
1np_f6f2	36.5736572032	0.0	0.0
1np_f11d5	31.2358245828	0.0	0.0
1np_f17g5	37.010023119	0.0	0.0
1np_f9c4	32.0841525824	0.0	0.0
1np_f9a3	32.5009363537	0.0	0.0
1np_f14c7	37.331525855	0.0	0.0
1np_f18b1	36.7413412108	0.0	0.0
1np_f16c2	37.1713765994	0.0	0.0
1np_f14g5	37.2263748719	0.0	0.0
1np_f9f6	32.2988788706	0.0	0.0
1np_f17d1	37.4455578231	0.0	0.0
1np_f14d7	37.4121024548	0.0	0.0
1np_f16a7	36.7581739268	0.0	0.0
1np_f16d3	36.3749904457	0.0	0.0
1np_f12a3	32.4458130604	0.0	0.0
1np_f12c3	32.7593507395	0.0	0.0
1np_f12b2	32.7293000272	0.0	0.0
1np_f17c7	36.4991194235	0.0	0.0
1np_f10a5	37.4913142626	0.0	0.0
1np_f11e6	33.1995966147	0.0	0.0
1np_f13g3	29.430558446	0.0	0.0
1np_f12b4	32.3088958589	0.0	0.0
1np_f8f1	32.6248326476	0.0	0.0
1np_f5c4	30.9277892324	0.0	0.0
1np_f18d1	36.6989628031	0.0	0.0
1np_f11g4	33.1161192575	0.0	0.0
1np_f11e2	31.0792193971	0.0	0.0
1np_f5g1	35.3453393703	0.0	0.0
1np_f5c1	36.5067093793	0.0	0.0
1np_f16g6	37.4073865839	0.0	0.0
1np_f15c4	36.7931659676	0.0	0.0
1np_f13d3	26.465821106	0.0	0.0
1np_f15h3	28.4220228154	0.0	0.0
1np_f7f2	37.2732016061	0.0	0.0
1np_f7e3	36.3318267577	0.0	0.0
1np_f5d3	25.7304031146	0.0	0.0
1np_f9b1	30.9116614792	0.0	0.0
1np_f10g3	32.6694993044	0.0	0.0
1np_f14f5	37.5103490226	0.0	0.0
1np_f14a6	37.4663979436	0.0	0.0
1np_f15e6	36.335400333	0.0	0.0
1np_f6b4	37.8106718491	0.0	0.0
1np_f5e3	28.5298682895	0.0	0.0
1np_f10e2	32.1107476625	0.0	0.0
1np_f6g3	36.6691459361	0.0	0.0
1np_f7g3	37.465319404	0.0	0.0
1np_f10b3	32.9913632157	0.0	0.0
1np_f15b6	36.1611563839	0.0	0.0
1np_f18a2	36.221394921	0.0	0.0
1np_f11g1	33.1066221987	0.0	0.0
1np_f15f4	36.8149426275	0.0	0.0
1np_f16b2	37.2033230544	0.0	0.0
1np_f18b3	36.7776197488	0.0	0.0
1np_f15d7	36.6993132021	0.0	0.0
1np_f15a8	36.3543794891	0.0	0.0
1np_f12b3	33.204645906	0.0	0.0
1np_f10b2	32.2604086755	0.0	0.0
1np_f15h7	36.7818283198	0.0	0.0
1np_f18c3	35.9282154599	0.0	0.0
1np_f11g2	31.2022421999	0.0	0.0
1np_f8b3	30.9553472639	0.0	0.0
1np_f5d1	36.8321483804	0.0	0.0
1np_f8a2	32.1834820558	0.0	0.0
1np_f18c2	36.7915149701	0.0	0.0
1np_f8f6	31.788430544	0.0	0.0
1np_f15g7	36.503825441	0.0	0.0
1np_f13g1	35.6360992531	0.0	0.0
1np_f7b2	37.620185998	0.0	0.0
1np_f12c5	32.5637565643	0.0	0.0
1np_f9b2	32.2549318521	0.0	0.0
1np_f8g2	32.5575620154	0.0	0.0
1np_f8d6	30.7261166673	0.0	0.0
1np_f8a1	32.6553479028	0.0	0.0
1np_f7g4	33.9843898975	0.0	0.0
1np_f8c3	32.7345797179	0.0	0.0
1np_f18e2	36.9091240071	0.0	0.0
1np_f6f4	37.6992090452	0.0	0.0
1np_f10e3	32.8111173347	0.0	0.0
1np_f10c4	37.5616284593	0.0	0.0
1np_f8b5	33.1602844753	0.0	0.0
1np_f7c5	37.1303619384	0.0	0.0
1np_f15b7	36.8169771027	0.0	0.0
1np_f13e2	37.4076235706	0.0	0.0
1np_f17e3	36.8750569816	0.0	0.0
1np_f9e2	32.3203219941	0.0	0.0
1np_f9d6	32.0275037739	0.0	0.0
1np_f16g4	37.4079514394	0.0	0.0
1np_f11b1	33.251858117	0.0	0.0
1np_f9g4	31.1043274554	0.0	0.0
1np_f11d2	33.1106962607	0.0	0.0
1np_f12e5	32.5810120951	0.0	0.0
1np_f13f2	37.5194900535	0.0	0.0
1np_f16d7	37.1388981473	0.0	0.0
1np_f12e6	32.5905838993	0.0	0.0
1np_f14f6	37.0676927298	0.0	0.0
1np_f14b7	37.3746263431	0.0	0.0
1np_f8a6	32.991092117	0.0	0.0
1np_f9f4	32.1346363454	0.0	0.0
1np_f17d3	36.6195927759	0.0	0.0
1np_f11f6	33.0302473414	0.0	0.0
1np_f6e4	37.8554346129	0.0	0.0
1np_f10c6	36.905183754	0.0	0.0
1np_f11a1	32.9191790195	0.0	0.0
1np_f17b7	36.8268996114	0.0	0.0
1np_f15e3	29.2133844286	0.0	0.0
1np_f8d4	33.2875877653	0.0	0.0
1np_f17b4	35.6325451413	0.0	0.0
1np_f7b3	37.6735665356	0.0	0.0
1np_f11c2	33.0236509786	0.0	0.0
1np_f9e3	32.1976319482	0.0	0.0
1np_f17e2	36.7621582005	0.0	0.0
1np_f7g2	36.9907759	0.0	0.0
1np_f7c4	37.1783768802	0.0	0.0
1np_f8b2	32.8763008568	0.0	0.0
1np_f9b3	30.1215241449	0.0	0.0
1np_f12a1	31.9476290544	0.0	0.0
1np_f13b2	37.6006651131	0.0	0.0
1np_f16d4	35.680430245	0.0	0.0
1np_f6d4	37.5168388324	0.0	0.0
1np_f18a4	37.0061289484	0.0	0.0
1np_f15c6	35.5312218662	0.0	0.0
1np_f16b6	37.3589226836	0.0	0.0
1np_f18d3	30.5260700712	0.0	0.0
1np_f13a6	37.2721586079	0.0	0.0
1np_f8d2	32.3917990539	0.0	0.0
1np_f7c6	37.4963866628	0.0	0.0
1np_f7e5	37.7359170337	0.0	0.0
1np_f16a4	37.2156011563	0.0	0.0
1np_f16e2	36.4814226059	0.0	0.0
1np_f7f5	37.4879547605	0.0	0.0
1np_f7d3	37.8033895458	0.0	0.0
1np_f17e1	37.4577789587	0.0	0.0
1np_f5b2	36.6794540682	0.0	0.0
1np_f14g6	37.7461117131	0.0	0.0
1np_f10d4	36.5845132385	0.0	0.0
1np_f13a5	36.8667367167	0.0	0.0
1np_f12a2	33.0567375722	0.0	0.0
1np_f16a6	37.4046093232	0.0	0.0
1np_f9f2	32.5356214306	0.0	0.0
1np_f17d5	37.1045711148	0.0	0.0
1np_f12a4	32.4212910566	0.0	0.0
1np_f12b6	33.3715477708	0.0	0.0
1np_f14a7	37.5211513915	0.0	0.0
1np_f15g5	36.6592414142	0.0	0.0
1np_f11e1	32.651584894	0.0	0.0
1np_f9c1	31.7604950044	0.0	0.0
1np_f17d4	37.3024542923	0.0	0.0
1np_f9f3	32.3492438451	0.0	0.0
1np_f13f5	32.6775625036	0.0	0.0
1np_f12d6	33.0353890453	0.0	0.0
1np_f15e8	36.5856771183	0.0	0.0
1np_f6g2	37.7015666186	0.0	0.0
1np_f14f1	37.5556426647	0.0	0.0
1np_f14b3	37.5818786223	0.0	0.0
1np_f9a4	31.7907925634	0.0	0.0
1np_f11a3	32.8027086848	0.0	0.0
1np_f10f2	32.3142900067	0.0	0.0
1np_f18e4	36.631631792	0.0	0.0
1np_f16c7	35.9552133987	0.0	0.0
1np_f10g4	37.5466887917	0.0	0.0
1np_f8d3	33.2607258272	0.0	0.0
1np_f15e1	36.7974332944	0.0	0.0
1np_f17b5	37.1959711764	0.0	0.0
1np_f15d2	36.8400615212	0.0	0.0
water-control_f11h1	32.6516492779	0.0	0.0
1np_f14b4	35.9114024819	0.0	0.0
1np_f12e3	33.0857699289	0.0	0.0
1np_f13b1	35.2626646376	0.0	0.0
1np_f7b5	36.5315106709	0.0	0.0
1np_f14b2	37.4039696463	0.0	0.0
1np_f9c5	31.683833722	0.0	0.0
1np_f17g4	35.4774271711	0.0	0.0
1np_f16b4	36.8914438279	0.0	0.0
1np_f18f4	36.4330685662	0.0	0.0
1np_f8c2	32.9653934533	0.0	0.0
1np_f9g3	31.8727735634	0.0	0.0
1np_f17c2	36.4793350522	0.0	0.0
1np_f5g2	36.5184902125	0.0	0.0
1np_f7d4	37.6308231824	0.0	0.0
1np_f15a3	28.017424211	0.0	0.0
1np_f14a4	37.5154599291	0.0	0.0
1np_f13g4	36.6792481717	0.0	0.0
1np_f8a4	32.8342185772	0.0	0.0
1np_f18c4	36.7115561153	0.0	0.0
1np_f11a6	33.0857124012	0.0	0.0
1np_f11c4	32.7887107688	0.0	0.0
