Sample	Genome_coverage	Positive_chromosomes	Proportion_with_neighbours
1np_f12g2	0.0472403978756	8	0.806832298137
1np_f18b1	0.0665620140254	9	0.900374696936
1np_f18a2	0.0197617440803	5	0.755011135857
1np_f6c4	0.147398843931	10	0.934209216682
1np_f8f4	0.0623954696165	8	0.821772866212
1np_f16c2	0.014436196121	4	0.585365853659
1np_f18f1	0.0491916317009	7	0.883388010737
1np_f13a1	0.0606642997565	10	0.658524788392
1np_f16g1	0.099322202987	11	0.894830132939
1np_f12d5	0.0134385728118	1	0.21943231441
1np_f14c2	0.028857721311	6	0.473309608541
1np_f12e2	0.000806901205951	1	0.0363636363636
1np_f16g4	0.0938499457176	10	0.827262779428
1np_f12b5	0.0538423168334	9	0.817438692098
1np_f10b2	0.102212376397	9	0.892349648342
1np_f7c5	0.033919192512	4	0.875432525952
1np_f8d6	0.00605909451014	2	0.598062953995
1np_f8b3	0.00178985358411	1	0.131147540984
1np_f8d4	0.110149350078	12	0.858684070325
1np_f17a7	0.104823802118	13	0.806717984605
1np_f10d4	0.00149643496376	1	0.519607843137
1np_f10b6	0.0796484844928	11	0.933136857617
1np_f15e3	0.026304979314	8	0.633017289459
1np_f5c3	0.0190722103225	5	0.602307692308
1np_f5b2	0.0506000410786	10	0.858799652073
1np_f17b6	0.0236201989378	6	0.492546583851
1np_f10g3	0.0232534256624	6	0.425867507886
1np_f8c2	0.0482086793228	8	0.841144248326
1np_f3f1	0.122927730994	10	0.913474161594
1np_f15e6	0.0564537425545	9	0.862266112266
1np_f8b1	0.0187201079781	4	0.797021943574
1np_f8b6	0.0232240838004	5	0.486418193304
1np_f15b4	0.0787975704938	11	0.930366784584
1np_f13g3	0.0402276928494	7	0.534646243618
1np_f5e4	0.0638919045803	9	0.803214695752
1np_f8a3	0.0632317126845	12	0.739675174014
1np_f12e4	0.0964026877146	15	0.264343326739
1np_f9g3	0.0446143012236	10	0.767510687274
1np_f17c2	0.0653003139579	10	0.765895304426
1np_f16c4	0.0835509521434	10	0.853731343284
1np_f16f6	0.169141163698	13	0.924191170093
1np_f16b6	0.132595874534	13	0.918566054437
1np_f15h5	0.0753792435668	10	0.878357337485
1np_f14a5	0.0351955635105	6	0.378491037932
1np_f16a4	0.113553006074	10	0.870930232558
1np_f6g2	0.127578416126	10	0.955726770929
1np_f7b1	0.12950030809	9	0.895434462445
1np_f11d2	0.0702737595728	7	0.937160751566
1np_f12b3	0.0955077609225	11	0.92089093702
1np_f5e2	0.00487074909774	2	0.665662650602
1np_f14d6	0.055148029694	9	0.780526735834
1np_f18c4	0.0545758633843	8	0.783602150538
1np_f17b2	0.00660191895778	3	0.642222222222
1np_f14b1	0.118012969103	13	0.864619592243
1np_f11a6	0.0648455150964	11	0.822398190045
1np_f17a5	0.0290337724832	4	0.742294087923
1np_f8f2	0.0113553006074	3	0.359173126615
1np_f10a4	0.0595786508612	11	0.91701551342
1np_f10c6	0.0487515037704	5	0.868793259103
1np_f8e2	0.0801032833544	9	0.860073260073
1np_f10c1	0.0903435932044	10	0.938291653134
1np_f17b5	0.0206566708723	7	0.828835227273
1np_f15c5	0.0361198321645	8	0.837124289196
1np_f14g5	0.0465068513248	8	0.58832807571
1np_f12d6	0.0688506792641	9	0.91135734072
1np_f13c6	0.0330242657199	7	0.761439360284
1np_f8c4	0.0513482585605	7	0.834857142857
1np_f5a4	0.00833308881782	1	0.457746478873
1np_f10b4	0.0552213843491	7	0.897715196599
1np_f15a3	0.142322701799	13	0.867745593238
1np_f13a5	0.0829347730407	10	0.828055899522
1np_f18a3	0.000381444206449	1	0.0769230769231
1np_f11d5	0.0126170006749	1	0.123255813953
1np_f9e5	0.0507320794578	9	0.810873337189
1np_f10c4	0.0990287843667	10	0.871111111111
1np_f17e4	0.000689533757812	1	0.0425531914894
1np_f16a2	0.132625216396	14	0.86360619469
1np_f5d4	0.098456618057	12	0.914021755327
1np_f12a2	0.0643320325108	10	0.912428734322
1np_f14c3	0.0655937325783	11	0.755983001566
1np_f10d6	0.0374842287492	9	0.60313111546
1np_f11f6	0.0515389806637	8	0.87218901224
1np_f12c1	0.0540623807987	10	0.875440976934
1np_f14a3	0.078093365805	9	0.562652639489
1np_f8f1	0.0327161761685	7	0.823766816143
1np_f15a6	0.124350811302	12	0.854530438886
1np_f14d7	0.0238842756961	4	0.561425061425
1np_f5b3	0.0179132067721	4	0.728091728092
1np_f15b7	0.0889351838268	10	0.92098317387
1np_f7b3	0.100759954227	6	0.94801980198
1np_f18b4	0.0590504973446	8	0.886211180124
1np_f7b4	0.13498723629	9	0.941854146288
1np_f11c5	0.00476805258062	1	0.326153846154
1np_f16a1	0.0890232094129	10	0.889749505603
1np_f17b4	0.00536956075233	1	0.385245901639
1np_f7e1	0.0239576303512	4	0.905082669933
1np_f14b7	0.0254100525219	7	0.478060046189
1np_f13g2	0.010210967988	1	0.192528735632
1np_f14b4	0.000689533757812	1	0.0425531914894
1np_f17b7	0.0519057539391	8	0.671848501979
1np_f6a2	0.11176315249	11	0.905618272512
1np_f8g4	0.0774478448402	9	0.835385489676
1np_f16e6	0.0587130659312	8	0.838830584708
1np_f17c7	0.0400516416772	11	0.654945054945
1np_f15g8	0.0746456970159	10	0.879716981132
1np_f11f4	0.0528153516622	7	0.8925
1np_f5f2	0.00980018191954	3	0.461077844311
1np_f11f2	0.039875590505	5	0.907652685798
1np_f16f5	0.0317332237904	5	0.880721220527
1np_f18e3	0.0389659927819	8	0.796686746988
1np_f16a6	0.121871423961	11	0.920428554231
1np_f9g5	0.0684839059887	11	0.860539845758
1np_f13f1	0.0701857339867	9	0.873954849498
1np_f13b6	0.0518470702151	7	0.809847198642
1np_f12f3	0.00262609665209	1	0.296089385475
1np_f17c4	0.0627622428919	9	0.601683029453
1np_f8b4	0.00438660837417	1	0.167224080268
1np_f11c3	0.0479005897714	7	0.916385911179
1np_f9a1	0.101434817053	13	0.895718831357
1np_f14c5	0.104222293947	11	0.911599099099
1np_f17c1	0.0399636160911	5	0.539647577093
1np_f17a4	0.0125143041577	3	0.635404454865
1np_f7d5	0.135882163082	12	0.932412006046
1np_f9c4	0.0848419940729	11	0.80546429189
1np_f5f4	0.0419148499164	5	0.882394119706
1np_f17g5	0.0720342712949	9	0.799185336049
1np_f7d2	0.267407059652	17	0.924233280298
1np_f15d6	0.0605029195153	9	0.747332686712
1np_f11c6	0.0400222998151	6	0.879765395894
1np_f18e2	0.0472697397377	8	0.621973929236
1np_f10e1	0.00912531909275	3	0.509646302251
1np_f14d1	0.0327601889616	7	0.667711598746
1np_f13g5	0.0748217481881	9	0.789215686275
1np_f13e5	0.017003609049	2	0.377911993097
1np_f13a4	0.0513482585605	9	0.500285714286
1np_f14d2	0.0747630644641	9	0.791993720565
water-control_f12h2	0.00300754085854	1	0.356097560976
1np_f11d3	0.139725947009	14	0.930386392272
1np_f11a4	0.114301223556	14	0.739699653446
1np_f8a2	0.0838443707638	11	0.84321959755
1np_f16b4	0.0472844106687	9	0.826869376357
1np_f17e1	0.125568498577	14	0.807804650076
1np_f13e1	0.0417828115372	8	0.603230337079
1np_f10f6	0.0430004988117	6	0.744114636643
1np_f5f1	0.00691000850914	1	0.231422505308
1np_f15e2	0.0780346820809	8	0.590712539951
1np_f17d5	0.0249552536604	5	0.799529688419
1np_f9f2	0.108080748804	9	0.840233473598
1np_f7a2	0.000572166309674	1	0.282051282051
1np_f13b5	0.0481059828057	8	0.794754498323
1np_f11a5	0.0673689152314	8	0.921167247387
1np_f12g5	0.00506147120096	2	0.353623188406
1np_f17a1	0.0894780082744	13	0.80095097557
1np_f11e3	0.0923388398228	9	0.939307276772
1np_f9e3	0.0997036471935	12	0.864479105356
1np_f17e2	0.0174143951175	4	0.485256950295
1np_f14g3	0.00296352806549	1	0.0693069306931
1np_f9e6	0.0218450162847	6	0.775016789792
1np_f11e5	0.0993955576421	9	0.92295202952
1np_f17e7	0.0122942401925	3	0.420047732697
1np_f16f1	0.111675126904	13	0.82908565423
1np_f12d1	0.00397582230568	2	0.715867158672
1np_f12f1	0.0476218420821	6	0.91651263093
1np_f16f3	0.0542237610399	7	0.842261904762
1np_f18c3	0.0427657639154	10	0.72487135506
1np_f15g5	0.0714034212611	9	0.864803780563
1np_f11a1	0.084930019659	8	0.905337709449
1np_f16d7	0.055148029694	7	0.872572492684
1np_f7c6	0.0248965699363	4	0.882734236889
1np_f16g5	0.0847099556938	9	0.929511603741
1np_f18f4	0.0286229864147	7	0.75089697591
1np_f12a5	0.00158446054987	1	0.157407407407
1np_f16c1	0.109562512837	8	0.882431708623
1np_f12f6	0.0769637041167	12	0.8989706443
1np_f15f2	0.035650362372	5	0.808230452675
1np_f6b4	0.176770047827	15	0.901817578222
1np_f8d5	0.0647428185793	10	0.687060956266
1np_f9a2	0.0438807546727	9	0.817452357071
1np_f7f3	0.121636689064	10	0.94717163189
1np_f14c6	0.0295032422758	7	0.397812033814
1np_f13a3	0.0748951028432	9	0.765523996082
1np_f14f4	0.0576567588979	9	0.732061068702
1np_f11g2	0.000806901205951	1	0.0545454545455
1np_f13c4	0.0615885684106	13	0.77251071939
1np_f17c5	0.0119274669171	3	0.515375153752
1np_f15c4	0.0649775534755	10	0.90607360578
1np_f11d6	0.0937765910625	8	0.942897371715
1np_f18f2	0.0987353657463	10	0.906092124814
1np_f17b3	0.0284322643115	6	0.518575851393
1np_f11g3	0.121255244858	13	0.829401088929
1np_f12e3	0.0539010005575	7	0.904191616766
1np_f14f3	0.0337431413397	10	0.441304347826
1np_f11b5	0.18747982747	14	0.941075201502
1np_f14f6	0.042472345295	7	0.483592400691
1np_f16e5	0.0549573075907	8	0.903630539242
1np_f13g4	0.0740441888442	9	0.838914206459
1np_f12g3	0.0104897156774	2	0.499300699301
1np_f5d3	0.00953610516123	3	0.633846153846
1np_f5d1	0.0684545641266	10	0.906986712387
1np_f11e1	0.0451864675332	6	0.825324675325
1np_f5e3	0.0428244476394	8	0.832476875642
1np_f11e6	0.0959919016461	9	0.932141219624
1np_f16a7	0.0822452392829	9	0.736532286836
1np_f14f5	0.0420175464335	9	0.651536312849
1np_f15d4	0.0248232152812	2	0.914302600473
1np_f8f3	0.0735013643966	9	0.905788423154
1np_f7e4	0.016959596256	3	0.875432525952
1np_f15e4	0.0748364191192	12	0.878063124877
1np_f12d4	0.0565857809337	8	0.149079595541
1np_f15e7	0.072180980605	8	0.888211382114
1np_f14e4	0.0382177753	8	0.699424184261
1np_f16e7	0.0888618291717	10	0.854053161631
1np_f17e3	0.0421055720196	7	0.70487804878
1np_f8a6	0.119509404067	12	0.839553154923
1np_f9e2	0.136380974737	13	0.855421686747
1np_f17d6	0.062791584754	9	0.86308411215
1np_f13c5	0.0406678207799	8	0.779220779221
1np_f9f1	0.0308089551363	6	0.74619047619
1np_f17a3	0.0533728470409	9	0.876580538758
1np_f8b5	0.133960271119	12	0.840871755558
1np_f6g1	0.0862650743816	8	0.936224489796
1np_f13a2	0.0688066664711	9	0.828144989339
1np_f12e5	0.060297526481	9	0.693187347932
1np_f15e1	0.0710806607787	9	0.886274509804
1np_f15g4	0.0350635251313	6	0.823430962343
1np_f16d4	0.0198644405974	5	0.76070901034
1np_f15a5	0.0951996713711	10	0.741716751425
1np_f16c5	0.124072063613	12	0.862362539908
1np_f10a6	0.0108418180218	2	0.779431664411
1np_f14c1	0.0635984859599	10	0.685351787774
1np_f12b1	0.0454945570846	7	0.894872621735
1np_f9a5	0.0438660837417	8	0.781939799331
1np_f10e2	0.10743522784	12	0.86740406937
1np_f12b2	0.0245151257299	6	0.854578096948
1np_f7g2	0.130277867433	14	0.926126126126
1np_f17g1	0.0147296147414	4	0.350597609562
1np_f15c1	0.0128810774332	3	0.838268792711
1np_f7a4	0.0523312109386	4	0.935800392487
1np_f11a2	0.149687509169	10	0.927472312065
1np_f6g3	0.119964202928	12	0.927968692675
1np_f15a7	0.0824946451102	13	0.823937399964
1np_f15b5	0.0388632962648	5	0.902604756512
1np_f16c3	0.0735160353276	12	0.777090401118
1np_f15f5	0.0899328071359	9	0.898205546493
1np_f10c3	0.142102637833	13	0.925975634937
1np_f15g1	0.0212875209061	4	0.779462439697
1np_f14e3	0.0574366949327	10	0.468199233716
1np_f18d2	0.152254922097	13	0.850838311813
1np_f13f6	0.0714474340542	11	0.759753593429
1np_f15c2	0.0452451512573	6	0.878404669261
water-control_f10h3	0.00333030134092	1	0.0969162995595
1np_f12a3	0.0217423197676	4	0.18016194332
1np_f8c1	0.134400399049	12	0.873485427355
1np_f15c7	0.0393914497814	6	0.868156424581
1np_f9d4	0.00176051172207	1	0.358333333333
1np_f9f5	0.0052668642352	1	0.200557103064
1np_f17d2	0.0490009095977	11	0.628143712575
1np_f17f7	0.0791643437693	10	0.713676797628
1np_f13d2	0.0791936856313	12	0.838088180808
1np_f15f4	0.0801766380094	12	0.922232387923
1np_f10a2	0.0760394354626	8	0.868415975304
1np_f15f3	0.0554267773833	9	0.851773425093
1np_f16a3	0.0435873360523	7	0.820262537866
1np_f13d5	0.000205393034242	1	0.0
1np_f11c2	0.153722015199	15	0.907520519183
1np_f12e6	0.00830374695578	4	0.798586572438
1np_f5b1	0.0433966139491	8	0.903651115619
1np_f10g4	0.0716528270884	9	0.883497133497
1np_f16d2	0.046682902497	8	0.611565053426
1np_f15h3	0.0245151257299	5	0.606223818073
1np_f8f6	0.00391713858161	1	0.161048689139
1np_f7b2	0.178090431619	15	0.920668918362
1np_f13g1	0.0506000410786	7	0.742244128733
1np_f18c2	0.0713594084681	13	0.886101973684
1np_f17b1	0.10340072181	15	0.89103291714
1np_f14a1	0.0530207446965	9	0.825124515772
1np_f16d6	0.181332707374	16	0.941990291262
1np_f11f3	0.000278747689328	1	0.105263157895
1np_f15e5	0.0756139784631	10	0.863989134653
1np_f16e3	0.0764355506	9	0.720729366603
1np_f15f6	0.0418708371233	5	0.765241765943
1np_f15g7	0.0700243537455	10	0.923109155667
1np_f16a5	0.0503506352513	9	0.921328671329
1np_f15d3	0.0210527860098	5	0.903832752613
1np_f6f4	0.153678002406	13	0.79723150358
1np_f13e6	0.0765235761861	12	0.758052147239
1np_f7a1	0.0282122003462	7	0.562142485699
1np_f7g5	0.170241483525	14	0.88728024819
1np_f6e3	0.0825679997653	9	0.939765458422
1np_f15h1	0.0476951967372	10	0.81882497693
1np_f10c5	0.00397582230568	1	0.125461254613
1np_f14b2	0.0434552976732	7	0.598582039163
1np_f17d3	0.0250139373845	6	0.490322580645
1np_f14e5	0.00328628854787	1	0.102678571429
1np_f9f4	0.0413280126757	7	0.856230031949
1np_f9b2	0.0867932278982	14	0.875591615957
1np_f15c8	0.0307942842053	5	0.847546450691
1np_f8g2	0.0592412194478	9	0.792471520555
1np_f7d6	0.135823479358	13	0.918340894362
1np_f13f4	0.0430445116047	7	0.705180640763
1np_f8d3	0.117030016725	12	0.884543061301
1np_f5g1	0.00293418620346	1	0.19
1np_f15d2	0.0788855960799	9	0.911288822764
1np_f17e6	0.0445702884305	6	0.682356813693
1np_f15d5	0.00142308030868	1	0.0
1np_f9b5	0.0397288811948	7	0.717503692762
1np_f13c2	0.0671928640592	10	0.830131004367
1np_f17a2	0.0301927760336	7	0.562682215743
1np_f13f3	0.000205393034242	1	0.0
1np_f9c6	0.00151110589478	1	0.330097087379
1np_f14g4	0.0215662685954	6	0.517006802721
1np_f11b3	0.0515243097327	9	0.799259681093
1np_f14g6	0.00476805258062	1	0.169230769231
1np_f16f2	0.106848390599	10	0.887134422628
1np_f15b1	0.0719315747777	8	0.860493575362
1np_f6d3	0.0811009066635	9	0.928183791606
1np_f18b2	0.0782840879082	11	0.852698650675
1np_f7d4	0.153927408233	16	0.92012962257
1np_f8a1	0.0689973885743	11	0.871358707208
1np_f7d3	0.00312490830668	1	0.164319248826
1np_f14c7	0.00759954226695	1	0.104247104247
1np_f9a3	0.0965053842317	14	0.804347826087
1np_f12c4	0.0218743581468	3	0.76861167002
1np_f15c3	0.0489275549426	8	0.816191904048
1np_f15a8	0.023781579179	5	0.765576804442
1np_f15b6	0.0496317596315	8	0.873780668046
1np_f6d2	0.0928083096153	11	0.956054378754
1np_f11d4	0.0396115137467	5	0.928888888889
1np_f10e3	0.0656524163023	11	0.811173184358
1np_f15g3	0.0291951527244	6	0.894974874372
1np_f14e2	0.0752912179807	8	0.85931410756
1np_f10d1	0.149526128928	14	0.924156200942
1np_f17g2	0.0244124292128	3	0.4375
1np_f14d4	0.0943634283032	12	0.850279850746
1np_f9c3	0.00360904903025	1	0.158536585366
1np_f7a6	0.184516299404	11	0.92367019162
1np_f7g3	0.0893753117573	9	0.902330925804
1np_f8a4	0.0363398961298	7	0.309245054501
1np_f12f2	0.0709339514686	9	0.895553257497
1np_f15d8	0.0361198321645	9	0.912266450041
1np_f16b7	0.0672955605763	7	0.810115543928
1np_f8f5	0.023810921041	3	0.744300677757
1np_f17f3	0.0779466564948	9	0.714473931865
1np_f18c1	0.0734426806725	8	0.878545745106
1np_f15b8	0.0889791966198	10	0.875350370981
1np_f15f8	0.0988527331944	9	0.871178391214
1np_f11a3	0.0589037880344	9	0.911332503113
1np_f12e1	0.0966961063349	9	0.8969807313
1np_f14f7	0.0153311229131	2	0.294736842105
1np_f7a5	0.0940553387518	8	0.917953517392
1np_f15f7	0.05437047035	8	0.899082568807
1np_f7e5	0.131290161674	9	0.915856520282
1np_f6b2	0.0904462897215	8	0.927818329278
1np_f5g3	0.00302221178956	1	0.398058252427
1np_f15a4	0.000308089551363	1	0.190476190476
1np_f11g4	0.0697749479182	10	0.912321278385
1np_f12c3	0.00284616061735	1	0.278350515464
1np_f5c1	0.0526833132831	10	0.895015316068
1np_f10g5	0.00124702913647	1	0.517647058824
1np_f8b2	0.11854112262	10	0.518440594059
1np_f7g4	0.0024647164109	1	0.309523809524
1np_f7f6	0.180540477099	12	0.930359174386
1np_f7c1	0.14176520642	11	0.908517023699
1np_f10f4	0.0911651653414	11	0.904409398133
1np_f15b2	0.0133505472257	3	0.710989010989
water-control_f11h6	0.00269945130718	1	0.0326086956522
1np_f9b6	0.058595698483	7	0.739359038558
1np_f17a6	0.0683958804026	8	0.865937365937
1np_f16g6	0.144156568176	12	0.905556686342
1np_f10f5	0.145330242657	11	0.924793054714
1np_f18a4	0.034770106511	7	0.702109704641
1np_f11g5	0.000572166309674	1	0.0
1np_f14g1	0.0706698747102	9	0.80817936475
1np_f13e3	0.00355036530618	1	0.181818181818
1np_f11c1	0.0426483964672	7	0.908840729274
1np_f17f5	0.0821572136968	11	0.829821428571
1np_f13b3	0.0580088612423	7	0.739504299444
1np_f9d6	0.0480472990816	9	0.804885496183
1np_f16g3	0.0323934156862	8	0.717391304348
1np_f16b2	0.0554707901763	9	0.821475800053
1np_f16e4	0.0694375165048	8	0.792943165012
1np_f16f7	0.0825239869722	10	0.9312
1np_f14e6	0.0520377923183	9	0.753876515365
1np_f15d1	0.108520876735	13	0.898607543599
1np_f9d2	0.0411666324345	8	0.625445473984
1np_f12g1	0.0650949209237	9	0.769213432499
1np_f17f1	0.0472844106687	9	0.626434998449
1np_f18g1	0.0695402130219	12	0.774683544304
1np_f10g1	0.120873800651	11	0.908969535138
1np_f11d1	0.141794548282	12	0.911122607346
1np_f11e4	0.0339045215809	6	0.915188230203
1np_f10d5	0.0719609166398	8	0.913965341488
1np_f13b4	0.0833162172471	12	0.671597112168
1np_f13b1	0.0669141163698	7	0.746766060075
1np_f7d1	0.125436460198	13	0.930409356725
1np_f12d2	0.00146709310173	1	0.04
1np_f15b3	0.08407910566	10	0.902285813994
1np_f12c5	0.00208327220445	1	0.19014084507
1np_f16d3	0.0855902115548	9	0.802022625986
1np_f16d1	0.080631436871	8	0.86499272198
1np_f14a7	0.0245738094539	7	0.565970149254
1np_f16e1	0.0910477978933	7	0.907025459233
1np_f15c6	0.0579648484493	9	0.710706150342
1np_f11g1	0.0532408086617	6	0.907688068338
1np_f9c1	0.0548986238667	9	0.892303580973
1np_f15g2	0.000190722103225	1	0.153846153846
1np_f5c4	0.0243390745577	4	0.658830620856
1np_f13b2	0.105219917256	11	0.822085889571
1np_f10e4	0.0689973885743	8	0.883266000425
1np_f12a4	0.0422522813298	8	0.776388888889
1np_f9f6	0.0274933247264	7	0.727854855923
1np_f12a6	0.0675009536105	11	0.860682460335
1np_f17d1	0.0582729380006	10	0.847935548842
1np_f7f4	0.216014788298	14	0.937449062755
1np_f9b4	0.0678677268859	9	0.302637267618
1np_f6b3	0.0316745400663	3	0.928670680871
1np_f7c3	0.0512895748364	5	0.918764302059
1np_f17g4	0.0164314427394	5	0.564285714286
1np_f9c5	0.0173557113934	4	0.50718512257
1np_f18d4	0.0412693289516	9	0.806256665482
1np_f16d5	0.0737214283618	8	0.852139303483
1np_f16b5	0.0139667263285	3	0.72268907563
1np_f18d1	0.0418121533993	8	0.878947368421
1np_f10d2	0.0826560253514	7	0.908058217962
1np_f12c2	0.0828467474546	9	0.873915353285
1np_f11b2	0.128678735953	14	0.930338615893
1np_f15a2	0.00382911299551	1	0.421455938697
1np_f12f5	0.0943047445791	11	0.907125077785
1np_f12b4	0.0163287462222	3	0.55795148248
1np_f5a3	0.0113993134004	3	0.530244530245
1np_f14a4	0.0473577653238	6	0.614622057001
1np_f13a6	0.0284909480356	4	0.459320288363
1np_f10c2	0.0235028314897	6	0.857677902622
1np_f14b3	0.123573251959	10	0.842336459694
1np_f13d1	0.0277133886916	4	0.841715193224
1np_f10b1	0.00344766878906	2	0.723404255319
1np_f18g4	0.0278747689328	6	0.724210526316
1np_f16f4	0.0401983509874	7	0.764598540146
1np_f8g1	0.0981485285056	9	0.842899850523
1np_f6a4	0.144405974003	10	0.947576958244
1np_f15e8	0.0439541093278	7	0.860480640854
1np_f5a2	0.0185733986679	4	0.733807266983
1np_f10g2	0.0707872421584	9	0.907772020725
1np_f18e1	0.103723482292	10	0.909900990099
1np_f16b3	0.0879228895866	9	0.82396128817
1np_f13e4	0.035635691441	7	0.780156442981
1np_f14a6	0.0801766380094	8	0.773467520586
1np_f14e7	0.0355916786479	7	0.476504534213
1np_f17g6	0.0465215222558	9	0.572059287291
1np_f13d4	0.0609137055838	9	0.619701348748
1np_f13d3	0.0394648044365	7	0.729739776952
1np_f8e5	0.00145242217071	1	0.414141414141
1np_f14a2	0.0409025556762	7	0.68543758967
1np_f18d3	0.00566297937267	2	0.569948186528
1np_f8d1	0.00032276048238	1	0.0
1np_f8g3	0.030530207447	7	0.752522825565
1np_f6f3	0.00296352806549	1	0.336633663366
1np_f15f1	0.0595639799302	11	0.829556650246
1np_f10b5	0.0722249933981	10	0.911436116189
1np_f11b4	0.0618966579619	9	0.89784309078
1np_f11f5	0.0750711540154	10	0.924956028923
1np_f17d7	0.0567471611748	8	0.848241985522
1np_f8e6	0.129030838297	13	0.835474701535
1np_f14f1	0.0353276018896	6	0.803986710963
1np_f7b6	0.0760394354626	9	0.938066756705
1np_f14b5	0.00379977113348	1	0.0501930501931
1np_f8e3	0.0368680496464	8	0.898129725428
1np_f8c6	0.0859569848303	12	0.785799624509
1np_f9a6	0.00155511868783	1	0.0849056603774
1np_f14d5	0.036530618233	7	0.750602409639
1np_f16c6	0.0555734866935	8	0.89994720169
1np_f9g1	0.0301047504475	6	0.84746588694
1np_f15g6	0.0663126081981	10	0.861283185841
1np_f17c3	0.0791643437693	10	0.826167531505
1np_f9g2	0.0463454710836	8	0.774928774929
1np_f9d3	0.131290161674	11	0.897753938988
1np_f12a1	0.000953610516123	1	0.0307692307692
1np_f6f2	0.0923241688918	9	0.871921182266
1np_f7g1	0.0495437340454	12	0.809890435298
1np_f9a4	0.0445702884305	10	0.745556287031
1np_f9f3	0.0782107332531	11	0.854811480023
1np_f13f2	0.0765529180482	11	0.787466462246
1np_f12b6	0.0647134767172	8	0.823396055316
1np_f13f5	0.000806901205951	1	0.0363636363636
1np_f17d4	0.104075584637	11	0.859176769101
1np_f12c6	0.0404624277457	6	0.86439448876
1np_f18b3	0.111205657111	13	0.874142480211
1np_f14c4	0.0703911270209	10	0.621717382243
1np_f11c4	0.0116780610898	2	0.896984924623
1np_f8e1	0.0609137055838	8	0.884874759152
1np_f8a5	0.0205099615622	3	0.396995708155
1np_f14f2	0.0213902174232	5	0.68792866941
1np_f18e4	0.0113846424694	2	0.51675257732
1np_f15d7	0.0474604618409	9	0.899227202473
1np_f11b6	0.00325694668584	1	0.189189189189
1np_f18f3	0.022050409319	4	0.868263473054
1np_f9g4	0.0260555734867	6	0.755067567568
1np_f10f3	0.0532114667997	8	0.761510890543
1np_f14d3	0.0218156744227	5	0.495628782784
1np_f17f4	0.00419588627094	1	0.146853146853
1np_f11f1	0.178809307239	15	0.923695438136
1np_f17f6	0.0828174055926	10	0.904871567759
1np_f17c6	0.0259235351075	5	0.580079230334
1np_f9d5	0.028901734104	7	0.845685279188
1np_f10a3	0.0878348640005	8	0.949724402873
1np_f10b3	0.0761714738417	9	0.909283513097
1np_f15h7	0.0451864675332	9	0.853571428571
1np_f6e4	0.177767671136	13	0.91450028885
1np_f17e5	0.0163727590153	4	0.535842293907
1np_f10e6	0.0794137495965	11	0.817845926473
1np_f9e4	0.0325254540653	6	0.755525484889
1np_f16b1	0.0953610516123	8	0.848307692308
1np_f14b6	0.0837123323846	10	0.696810375044
1np_f7c4	0.0440714767759	8	0.855193075899
1np_f8c5	0.0904316187905	12	0.801103179753
1np_f7e3	0.00311023737566	1	0.410377358491
1np_f6d4	0.119245327308	11	0.911909448819
1np_f7e2	0.0736187318447	7	0.955360701475
1np_f9c2	0.0250432792465	6	0.776801405975
1np_f17g3	0.0660778733018	9	0.751998223801
1np_f9e1	0.00227399430768	1	0.225806451613
1np_f18g3	0.0195856929081	5	0.785018726592
1np_f13e2	0.0476951967372	6	0.549984620117
1np_f7f5	0.0366626566122	4	0.931972789116
1np_f8c3	0.0544731668672	11	0.841368165904
1np_f10f1	0.240207153546	16	0.924448787638
1np_f7e6	0.0425750418122	6	0.912129565817
1np_f9d1	0.0241190105924	7	0.86800486618
1np_f6e2	0.121049851824	9	0.942916010181
water-control_f12h3	0.00070420468883	1	0.0833333333333
1np_f17f2	0.0452304803263	9	0.796302302952
1np_f18a1	0.0542531029019	9	0.732017306652
1np_f14g2	0.0154778322232	2	0.15355450237
1np_f8d2	0.0414307091928	8	0.658640226629
1np_f12f4	0.0634077638567	9	0.869273484498
1np_f11b1	0.0956251283706	10	0.935256213562
1np_f5c2	0.0932484375458	10	0.856670862177
water-control_f11h1	0.000278747689328	1	0.0
1np_f13d6	0.0290191015522	9	0.664812942366
1np_f7f1	0.0760247645316	11	0.905055962949
1np_f14e1	0.000249405827294	1	0.117647058824
1np_f12g4	0.0235175024207	7	0.865876481597
1np_f9b1	0.0215662685954	4	0.816326530612
1np_f12d3	0.00104163610223	1	0.197183098592
1np_f16c7	0.0434406267422	6	0.802769334684
1np_f7a3	0.119861506411	11	0.812729498164
1np_f9b3	0.00371174554737	2	0.537549407115
1np_f7b5	0.0600041078607	9	0.719070904645
1np_f5g2	0.0452744931193	7	0.807517822424
1np_f8e4	0.0744696458437	10	0.8780535855
1np_f5b4	0.0317038819283	8	0.757519666821
1np_f6c2	0.0397288811948	6	0.835672082718
1np_f7f2	0.0501305712861	7	0.869183494293
1np_f16e2	0.0898154396878	11	0.854295981705
1np_f10f2	0.0613978463073	6	0.885065710872
1np_f11e2	0.000234734896277	1	0.0
1np_f10a5	0.0487955165635	8	0.872218881539
1np_f13c3	0.00431325371908	1	0.149659863946
1np_f10e5	0.221839147912	15	0.914225249653
1np_f13c1	0.0273612863472	5	0.786058981233
1np_f6a3	0.00297819899651	1	0.192118226601
1np_f10d3	0.0438367418796	6	0.895917001339
1np_f7c2	0.0140400809835	4	0.622779519331
1np_f16g2	0.0813356415598	7	0.86056998557
1np_f8g5	0.160426630674	16	0.735436671239
